prod_gr_id
427    1.114989
426    1.203069
413    1.206378

country_id_n
177     1.040000
176     1.120766
160     1.031250
139     1.317269
138     1.212121
136     1.050000
126     1.090022
121     1.133012
116     1.147239
114     1.085954
113     1.123377
110     1.136799
109     2.000000
108     1.072022
107     1.079167
106     1.686901
105     1.105932
104     1.045361
103     1.063796
1011    1.091603
1010    1.116608
1002    1.090909

delivery_type_id
9974      3.500000
9949      2.000000
9158      1.333333
8705      2.000000
8088      2.227273
7932      1.900000
79000     1.000000
78977     1.161290
78868     1.000000
78808     1.000000
78767     1.000000
78704     2.000000
78664     1.000000
78650     1.000000
78649     1.000000
78631     1.166667
78524     1.000000
78444     1.000000
78366     1.142857
78326     1.000000
78150     1.177419
78140     1.062500
78033     1.012195
77994     1.187500
77992     1.161290
77805     0.857143
77780     1.142857
77710     1.000000
77579     1.400000
77565     1.000000
77558     1.000000
77507     2.000000
77493     0.833333
77473     1.500000
77402     1.250000
77385     1.000000
77341     1.000000
77339     1.166667
77329     1.000000
77319     4.333333
77314     1.000000
77264     1.142857
77261     1.116667
77229     1.250000
77212     1.000000
77119     1.333333
77073     1.000000
77064     1.120000
77027     1.097561
76946     1.666667
76941     1.000000
76922     1.000000
76900     1.066667
76873     1.000000
76747     1.000000
76687     0.857143
76644     1.000000
76630     1.000000
76407     1.050000
76376     1.000000
76333     1.000000
76332     3.000000
76331     1.000000
76290     3.000000
76206     1.333333
76171     1.052632
76156     1.333333
76133     1.000000
76083     1.333333
7607      1.000000
76068     0.875000
76007     1.000000
75846     1.000000
75844     1.166667
75662     1.500000
75639     5.000000
75638     1.250000
75608     0.857143
75591     1.333333
75381     1.000000
75366     1.000000
75316     1.208333
75253     1.000000
75248     1.000000
75245     1.000000
75190     1.000000
75188     1.000000
75176     1.000000
75078     1.500000
75029     1.666667
75019     1.173913
75011     1.000000
74939     1.000000
74833     1.000000
74831     1.000000
74775     1.000000
74711     1.000000
74710     1.000000
74622     1.000000
7420      1.000000
74184     1.000000
74177     1.200000
74071     0.800000
74052     1.333333
74050     2.250000
74027     1.250000
74023     1.500000
73968     1.000000
73723     1.125000
73719     1.000000
73704     1.000000
73658     1.000000
73646     1.000000
7359      1.105263
73574     0.800000
73532     1.500000
73524     1.000000
73521     2.000000
73517     1.400000
73516     1.000000
73514     1.000000
73513     1.400000
73431     1.200000
73414     1.000000
73393     1.000000
73269     1.000000
73260     1.000000
73176     1.285714
73173     1.000000
73117     1.000000
73029     1.000000
72926     1.000000
72897     1.000000
72894     1.184000
72886     4.000000
72884     1.333333
72882     1.000000
72880     0.714286
72869     1.571429
72866     1.000000
72836     0.666667
72831     1.500000
72827     1.000000
72732     1.250000
72723     1.181818
72706     1.000000
7270      0.500000
72662     1.000000
72597     1.052632
72569     1.250000
72456     1.363636
72454     1.200000
72442     1.000000
72409     1.000000
72349     1.000000
72348     1.000000
72278     1.333333
72253     0.909091
7221      2.000000
72155     1.030303
72150     1.000000
72060     1.090909
71984     1.000000
71933     1.214286
71863     1.000000
71843     1.000000
71835     1.000000
71777     1.000000
71668     1.000000
71613     1.000000
71604     1.000000
71580     1.000000
71548     1.133333
71423     2.000000
7142      1.166667
71406     1.090909
71391     1.000000
71366     1.000000
71362     1.000000
71344     1.000000
71331     1.000000
71326     1.000000
71324     2.000000
71271     0.666667
71258     1.333333
71227     1.000000
71142     1.000000
71108     1.000000
71063     1.000000
71061     1.000000
71040     1.255814
71021     1.020408
70945     1.068966
70883     1.000000
70846     1.333333
70805     1.000000
70794     1.000000
70656     0.857143
70445     1.000000
70415     1.000000
70376     1.000000
70375     1.000000
70374     1.000000
70357     1.000000
70352     1.153846
70350     1.000000
70312     1.000000
70309     6.000000
70245     1.000000
70154     1.000000
69913     1.333333
69733     5.000000
6973      2.000000
69724     1.000000
69723     1.000000
69674     1.000000
69506     1.500000
69504     1.333333
69435     1.500000
69345     1.000000
69264     1.000000
69136     1.000000
69135     1.000000
68890     0.750000
68875     1.000000
68873     2.000000
68803     1.304348
68789     1.000000
68783     1.333333
68599     1.000000
68484     1.125000
68429     1.200000
6835      1.000000
68024     1.000000
68015     1.000000
67989     1.000000
67901     2.000000
67882     1.095238
67815     1.000000
67781     0.857143
67770     1.000000
67754     1.000000
67555     1.000000
67548     1.000000
6743      1.000000
67384     1.000000
67349     1.000000
67317     1.000000
67284     1.000000
67170     1.000000
67165     2.000000
67157     2.000000
67059     1.000000
67043     1.625000
67017     1.000000
66966     1.000000
66871     2.000000
66798     1.000000
6675      1.000000
66613     2.000000
66610     1.400000
66412     1.083333
66381     1.000000
66285     1.114286
66278     1.552632
66265     1.227273
66261     1.000000
66223     1.000000
66107     1.000000
6597      1.200000
65915     1.500000
65907     1.000000
65882     1.000000
65880     2.000000
65866     1.500000
65848     2.000000
65836     1.000000
65820     1.000000
65816     1.000000
65811     1.000000
65721     1.095238
65558     1.253165
65551     1.000000
65411     0.928571
65403     1.000000
65402     1.000000
65399     1.000000
65387     0.800000
65378     1.285714
65375     1.000000
65342     1.083333
65330     1.000000
65326     1.000000
65273     1.000000
65249     1.000000
65246     1.125000
65221     0.500000
65220     1.000000
65132     1.125000
65128     2.200000
65124     0.964286
65108     2.000000
65101     1.000000
65027     1.222222
65003     0.900000
65002     1.000000
65001     1.333333
64990     1.271186
64967     1.000000
64966     1.083333
64965     1.250000
64960     1.000000
64947     1.333333
64941     1.300000
64781     1.200000
64719     1.000000
64716     1.000000
64674     1.000000
64672     2.000000
64667     0.666667
64659     1.500000
64612     1.000000
64552     1.000000
64456     1.272727
64391     1.103448
64372     1.200000
64276     1.000000
64207     1.000000
64205     1.000000
64196     1.250000
64135     1.166667
64120     2.111111
64063     1.000000
63977     1.200000
63853     1.285714
63851     1.000000
63818     0.714286
63816     1.000000
63639     1.000000
63419     1.175879
63395     1.250000
63388     1.500000
63387     1.000000
63386     0.833333
63322     1.500000
63321     1.250000
63319     1.222222
63306     1.000000
63224     1.000000
63160     1.197674
63153     1.071429
63093     1.147059
629       2.222222
62890     1.000000
62765     1.000000
62744     1.425532
62634     1.208333
62626     1.000000
62621     1.088889
62574     1.894737
62570     1.600000
62529     1.114286
62519     1.000000
62228     1.000000
62206     1.000000
62202     1.244444
62176     1.000000
62026     1.291667
61994     1.000000
61880     1.000000
6180      1.333333
61679     1.000000
61260     1.166667
61076     1.000000
61040     1.000000
61024     1.142857
60879     1.333333
60777     2.000000
60769     1.166667
60733     1.500000
60648     1.000000
60464     0.916667
60425     1.000000
60395     1.444444
60300     1.027778
60291     0.900000
60026     1.000000
59646     1.000000
59568     0.777778
59564     0.888889
59553     1.200000
59533     1.500000
59521     0.916667
59463     1.629630
59449     1.500000
59266     1.312500
59257     1.000000
59252     1.142857
59196     0.944444
59174     1.000000
59139     1.000000
59097     1.000000
59085     1.000000
59077     2.500000
59075     1.000000
58936     1.102564
58690     1.000000
58678     1.400000
58668     1.000000
58630     1.500000
58524     1.000000
58497     1.000000
58437     1.068376
58321     0.800000
57848     2.500000
57823     1.173333
57822     1.172414
57817     1.157895
57613     1.000000
57582     1.083333
57174     1.000000
57153     1.187500
5704      1.000000
56471     1.000000
56462     1.148515
56344     1.166667
56334     1.000000
56321     1.000000
56293     1.000000
56163     1.333333
56106     1.071429
55792     1.000000
55450     1.000000
55449     1.000000
55440     1.000000
55427     1.200000
55368     1.000000
55200     1.000000
5495      1.333333
54855     1.000000
54499     3.000000
54498     0.666667
54452     1.000000
54446     0.333333
54412     1.000000
54373     1.500000
54360     1.333333
54359     1.000000
54349     1.000000
54303     0.666667
54226     1.000000
54181     1.000000
54163     1.000000
53906     1.029412
53883     1.000000
53826     1.000000
53821     1.000000
53791     1.116959
53758     0.333333
53747     0.857143
53621     1.000000
53579     1.000000
53573     1.000000
53474     1.000000
53460     1.111111
53405     1.000000
53126     1.500000
52907     1.097561
529       1.500000
52863     1.000000
52617     1.000000
52614     1.200000
52571     1.000000
52537     1.000000
5248      1.000000
52479     2.000000
52011     1.000000
51949     1.000000
51876     1.000000
51870     1.000000
51501     1.000000
51456     1.185185
50671     1.263158
50587     0.888889
50361     0.900000
50128     0.923077
50102     1.162162
500       1.000000
49992     1.250000
49561     2.000000
4935      0.875000
49302     2.000000
49250     1.095238
49248     1.063492
49246     1.160000
49245     1.166667
49244     2.000000
4924      1.000000
48946     1.000000
48882     1.000000
48706     0.833333
48566     1.000000
484       1.000000
48305     1.160000
48130     1.000000
48110     2.000000
47990     1.006944
47891     0.952381
47862     1.058824
47850     1.000000
47758     1.000000
47530     0.995215
47421     1.000000
47179     1.000000
46917     1.222222
46658     0.800000
466       1.200000
46572     1.036364
46571     1.038462
46570     1.000000
46412     1.000000
46280     1.142857
46232     1.000000
46014     1.000000
45774     1.250000
45147     1.000000
451       2.000000
44950     1.666667
44470     1.173077
42930     1.000000
42858     1.000000
428       0.800000
42730     1.078788
42716     1.000000
42702     1.500000
42070     1.148936
41967     1.000000
41948     1.000000
4175      1.076923
41728     1.235294
41512     1.272727
41182     1.000000
41137     2.250000
41133     1.000000
4071      4.333333
40253     1.000000
40178     2.000000
40150     2.000000
40036     1.033333
39925     3.500000
39335     1.000000
39125     1.000000
39113     1.020833
39104     1.000000
38929     0.500000
38609     0.956522
38605     1.000000
38553     1.000000
38042     1.350000
37947     1.000000
37942     1.333333
37810     1.228571
37589     1.000000
37356     1.000000
37340     1.666667
37210     1.666667
37208     1.166667
37175     1.000000
37156     1.500000
36985     1.000000
36845     1.058824
36794     1.000000
3639      1.000000
36120     1.115385
35976     1.000000
35762     1.000000
35633     1.051282
35052     1.112195
34712     2.357143
34197     0.750000
34189     1.000000
34038     1.000000
34033     1.000000
33867     2.000000
33857     1.000000
33701     1.142857
33685     1.000000
33624     0.857143
33562     3.000000
33516     1.000000
33353     1.000000
33256     1.166667
33252     1.067568
33242     1.148148
33194     1.000000
33101     1.000000
33092     1.095238
32942     1.083333
32706     4.000000
32625     1.176471
32579     1.111111
32465     1.111111
32355     1.055556
32347     1.000000
32250     1.000000
32004     2.000000
31929     0.869565
31571     1.000000
31480     1.089312
3143      1.636364
31379     1.000000
31340     1.000000
31250     1.333333
31241     1.000000
31230     1.500000
31199     1.181818
30928     1.000000
30769     1.000000
30560     2.000000
30505     1.000000
30280     1.250000
30209     0.666667
30169     1.166667
30152     1.033582
30151     1.000000
30139     2.000000
30055     1.250000
29804     1.238095
29452     1.066667
29446     2.000000
28676     0.500000
28578     1.250000
28465     1.000000
28457     1.126126
28325     0.923077
28203     1.064286
28202     1.090909
27967     1.100000
27454     1.357143
27451     1.000000
27445     1.500000
27394     1.400000
27228     2.000000
27221     1.157895
27210     1.000000
27192     1.000000
27186     1.333333
27118     1.000000
26793     1.500000
26693     2.000000
26647     1.076923
26642     1.153846
26453     1.000000
26084     1.000000
25967     1.000000
25670     1.444444
2564      1.053571
25576     1.000000
25568     6.000000
25461     1.000000
25201     1.000000
25200     3.000000
25039     1.000000
24898     1.096154
24761     1.000000
24563     1.333333
24562     1.000000
24518     1.000000
24465     2.000000
24284     3.000000
23979     2.500000
23944     2.000000
23921     1.250000
23621     1.250000
23605     1.000000
23218     1.142857
23154     1.000000
23144     1.000000
22916     1.206897
22867     1.000000
22866     1.052632
22785     3.000000
22531     1.000000
22081     1.000000
22079     0.666667
22061     0.333333
21942     1.000000
21742     0.500000
21563     1.500000
21381     1.125000
21378     1.053738
2133      1.000000
20927     0.500000
20824     1.636364
20506     2.000000
20268     1.000000
20222     1.200000
20043     1.090909
20042     1.000000
19891     1.000000
19802     1.090909
19781     1.000000
19748     0.833333
19652     1.000000
1939      1.000000
19105     1.583333
19056     1.066667
18935     1.000000
18800    10.000000
18614     1.063830
18570     3.000000
17986     1.000000
17865     1.222222
17701     1.000000
17683     1.500000
17402     1.110672
17367     1.083333
17344     1.153846
17342     1.111111
17341     1.007812
17074     1.333333
16580     1.000000
16561     1.058824
1593      1.000000
15657     4.500000
15656     1.000000
14692     3.000000
14680     1.000000
14559     6.400000
14553     1.000000
14229     1.000000
14122     1.000000
13976     1.000000
13968     1.187500
13844     1.000000
13836     1.096774
13736     1.080000
13720     1.333333
13364     1.000000
13361     1.069444
12888     1.000000
12734     1.000000
12731     1.285714
12380     2.000000
1218      1.157895
11553     4.000000
11528     1.164706
10741     2.000000
10511     1.142857

retailer_id
96     1.233184
95     1.107246
94     1.189944
93     1.220657
92     1.121037
91     1.131980
90     1.182448
9      1.087912
88     1.102500
69     1.132780
55     1.239560
49     1.150376
45     1.131148
35     1.261261
34     1.121429
33     1.052288
32     1.200000
31     1.311594
30     1.213675
29     1.138158
28     1.123552
26     1.554974
25     1.041667
22     1.171806
211    1.166667
210    1.097826
178    1.285714
177    1.187500
176    1.636364
175    1.619048
174    1.125000
173    1.067708
172    1.163265
145    1.167665
141    1.214286
139    1.079096
136    1.625000
133    1.157480
130    1.178295
127    1.172185
124    1.124542
123    1.154930
120    1.140741
119    1.133333
118    1.071429
117    1.105634
116    1.194030
115    1.593750
11     1.423077
10     1.109043

brand_id
99     1.200000
96     1.150273
95     1.147679
90     1.000000
85     1.129032
84     1.155844
83     1.090909
82     1.153846
77     1.127273
76     1.100529
75     1.096386
74     1.218750
71     1.142857
65     1.106195
60     1.236641
58     1.000000
55     1.116279
52     1.151832
49     1.026316
433    1.000000
430    1.090909
429    1.133333
427    1.000000
414    1.000000
412    0.952381
411    1.000000
409    1.000000
404    1.224490
397    1.038095
393    2.333333
387    1.177778
386    1.081081
382    1.171053
381    1.200000
380    1.209877
38     1.066667
379    0.918367
378    1.100000
374    1.129412
373    1.132075
372    1.088235
371    1.279070
37     1.472050
369    1.000000
36     1.037037
35     1.191617
347    1.270588
346    1.142857
345    0.888889
343    1.155172
342    1.288136
341    1.352941
34     1.015625
338    1.370370
337    1.142857
335    2.157895
334    1.944444
333    1.230769
332    1.088608
33     1.339339
329    1.312500
327    1.800000
326    1.280000
325    1.307692
324    1.400000
322    1.290323
321    1.340426
320    1.333333
32     1.125000
311    1.291667
31     1.109375
302    1.750000
293    1.235294
292    1.444444
291    0.909091
290    1.211268
29     1.287500
289    1.363636
286    1.205882
285    1.142857
284    1.437500
283    1.137500
280    1.068182
279    1.066667
277    1.100000
275    1.142857
274    0.750000
272    1.250000
271    1.000000
270    1.055556
267    1.222222
266    1.031250
265    0.969697
264    1.075000
263    1.181818
262    1.179487
261    1.533333
260    1.055556
259    1.137931
257    1.078947
255    1.142857
253    1.250000
251    1.125000
248    1.044118
247    1.454545
246    0.984375
245    1.294118
244    1.117647
243    1.142857
242    1.350649
241    1.125000
240    1.230769
24     1.220690
238    1.156863
237    1.244444
235    1.400000
234    1.086957
233    1.200000
232    1.166667
231    0.833333
228    1.181818
225    1.000000
222    1.043478
221    1.111111
220    1.225000
218    1.826667
217    1.191304
216    1.282051
215    1.169492
214    1.250000
213    0.925926
212    1.223881
21     1.134615
209    1.222222
208    0.875000
205    1.101064
204    1.063830
203    1.221374
202    1.545455
201    0.965517
200    1.243243
20     1.195652
199    1.181818
198    1.380000
197    1.137931
196    1.742857
195    1.090909
194    1.111111
193    1.153846
192    1.000000
190    1.000000
19     1.130435
189    1.127389
187    1.307692
186    1.083333
185    1.333333
184    1.147059
183    1.201613
182    1.134328
181    1.217949
180    1.167702
179    1.164384
178    1.107143
177    1.300000
176    1.104478
175    1.031250
173    0.950000
172    1.000000
171    1.250000
170    1.074074
169    1.551948
167    1.086022
166    1.609756
165    1.074074
164    1.133333
160    1.000000
158    1.106383
157    1.090909
156    1.068493
155    1.055556
154    1.000000
153    1.021277
151    1.000000
150    1.057692
147    1.375000
135    1.152542
132    1.410405
130    1.066667
129    1.111111
128    1.111111
127    1.126582
123    1.100000
116    1.000000
114    1.338983
111    1.235294
108    1.150485

