prod_gr_id
427    0.784050
426    0.716223
413    0.678182

country_id_n
177     0.914286
176     0.765396
160     0.933333
139     0.582011
138     0.648649
136     0.888889
126     0.817330
121     0.784384
116     0.920863
114     0.817757
113     0.768797
110     0.942308
109     0.372807
108     0.849844
107     0.844828
106     0.481840
105     0.798246
104     0.916256
103     0.856000
1011    0.765957
1010    0.763359
1002    0.750000

delivery_type_id
9974     0.285714
9966     1.000000
9949     0.500000
9617     1.000000
8632     1.000000
8088     0.270270
7932     0.307692
78977    0.642857
78767    1.000000
78704    0.500000
78619    0.500000
78531    1.000000
78366    1.000000
78243    1.000000
78150    0.666667
78140    1.000000
78033    1.000000
77994    0.666667
77992    0.687500
77805    1.333333
77780    0.500000
77710    1.000000
77579    0.714286
77565    1.000000
77558    1.000000
77553    1.000000
77493    1.500000
77473    0.500000
77403    1.000000
77402    0.666667
77329    1.000000
77319    0.166667
77264    0.800000
77261    0.760000
77229    0.571429
77212    1.000000
77119    0.750000
77073    1.000000
77064    0.772727
77027    0.714286
76946    0.500000
76922    1.000000
76900    1.051282
76747    1.000000
76687    1.500000
76407    0.909091
76383    1.000000
76333    1.000000
76331    1.000000
76290    0.500000
76187    1.000000
76171    0.888889
76083    1.000000
7607     1.000000
76007    1.000000
75662    0.666667
75639    0.200000
75638    0.750000
75633    1.000000
75608    2.000000
75591    0.750000
75381    1.000000
75316    0.687500
75253    1.000000
75245    1.000000
75078    0.250000
75019    0.727273
74833    1.000000
74824    1.000000
74775    1.000000
74622    1.000000
74177    0.500000
74071    1.333333
74052    0.800000
74050    0.444444
74027    0.666667
74023    0.500000
73723    0.666667
73658    1.000000
73646    1.000000
7359     0.769231
73574    2.000000
73532    0.500000
73518    1.000000
73517    0.333333
73516    1.000000
73514    1.000000
73513    0.333333
73414    1.000000
73269    1.333333
73260    1.000000
73176    0.333333
73117    1.111111
72926    1.000000
72897    1.000000
72894    0.774648
72884    0.750000
72880    2.333333
72869    0.500000
72836    1.500000
72732    0.500000
72723    0.800000
7270     2.000000
72671    1.000000
72597    0.857143
72569    0.705882
72456    0.428571
72454    0.777778
72371    1.000000
72278    0.666667
72253    1.250000
72155    0.923077
72150    1.000000
72146    1.000000
72142    1.000000
72136    1.000000
72060    0.900000
71984    1.000000
71933    0.666667
71864    1.000000
71591    1.000000
71578    1.000000
71548    0.777778
71500    1.000000
7142     0.500000
71406    0.833333
71391    1.250000
71326    1.000000
71324    0.500000
71310    1.000000
71258    0.500000
71227    1.000000
71063    1.000000
71040    0.592593
71021    0.944444
70945    0.900000
70883    1.000000
70846    0.750000
70805    1.000000
70656    1.142857
70415    1.000000
70375    1.000000
70359    1.000000
70352    1.000000
70312    1.000000
70309    0.166667
70154    1.000000
6976     1.000000
69733    0.200000
69662    1.000000
69506    0.500000
69435    0.666667
69264    1.000000
69135    1.000000
68890    2.000000
68873    0.500000
68803    0.500000
68783    0.666667
68484    1.000000
68429    0.750000
67989    1.000000
67901    0.500000
67882    0.777778
67781    2.000000
67548    1.000000
67317    1.000000
67284    1.000000
67165    1.000000
67157    0.666667
67043    0.375000
67033    1.000000
67017    1.000000
6675     1.000000
66613    1.000000
66610    0.714286
66412    1.076923
66310    1.000000
66285    0.787879
66278    0.393939
66265    0.545455
66107    1.000000
65989    1.000000
6597     0.666667
65915    0.666667
65907    1.000000
65880    0.500000
65866    0.750000
65811    1.000000
65721    0.777778
65560    1.000000
65558    0.666667
65436    1.000000
65411    2.000000
65387    1.500000
65378    0.600000
65342    0.666667
65246    0.500000
65222    1.000000
65220    1.000000
65132    0.750000
65128    0.142857
65124    1.111111
65101    1.000000
65027    0.666667
65003    1.250000
65001    0.666667
64990    0.675000
64967    1.000000
64966    0.800000
64965    0.500000
64960    1.000000
64947    0.500000
64941    0.375000
64781    0.666667
64740    1.000000
64719    1.000000
64674    1.000000
64672    0.500000
64456    0.571429
64391    0.625000
64372    0.714286
64352    1.000000
64196    1.000000
64135    0.777778
64120    0.473684
63977    0.500000
63853    0.800000
63851    1.000000
63818    2.000000
63816    1.000000
63469    0.500000
63419    0.847826
63395    0.500000
63388    0.666667
63386    1.333333
63322    0.500000
63321    1.000000
63319    0.666667
63306    1.000000
63160    0.698113
63153    0.666667
63093    0.750000
629      0.450000
62744    0.379310
62634    0.822222
62621    0.741935
62574    0.340000
62570    0.250000
62529    0.818182
62519    1.000000
62228    1.000000
62202    0.676471
62124    1.000000
62026    0.645161
6180     0.631579
61260    0.714286
61024    0.800000
60879    0.800000
60777    0.500000
60733    0.250000
60690    1.000000
60648    1.000000
60464    2.000000
60395    0.600000
60300    0.941748
60291    1.142857
59572    1.000000
59568    1.400000
59564    1.666667
59553    0.857143
59533    0.500000
59521    1.125000
59463    0.613636
59266    0.666667
59252    0.700000
59196    1.200000
59097    1.000000
59085    1.000000
59077    0.250000
59075    1.000000
58936    0.780000
58690    1.500000
58678    1.000000
58668    1.000000
58524    1.000000
58437    0.888889
58321    2.000000
57823    0.720930
57822    0.642857
57817    0.625000
57620    0.500000
57582    0.857143
57153    0.666667
56462    0.708738
56344    0.710843
56334    1.000000
56293    1.000000
56163    1.000000
56106    0.850000
55450    1.000000
55449    1.000000
55440    1.000000
55427    0.666667
55368    1.000000
5495     0.571429
54855    1.000000
54499    0.600000
54452    1.000000
54373    0.500000
54360    0.750000
54303    1.500000
54226    1.000000
53961    1.000000
53906    0.933333
53883    1.000000
53826    1.000000
53821    1.000000
53791    0.806630
53758    3.000000
53747    2.000000
53621    1.000000
53573    1.000000
53460    0.733333
53405    1.000000
53126    0.500000
52907    0.666667
529      0.666667
52617    1.000000
52614    0.750000
52571    1.000000
52537    1.000000
52479    0.500000
52011    1.000000
51876    1.000000
51870    1.000000
51823    1.000000
51456    0.722222
51094    1.000000
50671    0.500000
50587    2.000000
50361    2.000000
50128    1.200000
50102    0.785714
500      1.000000
49992    0.500000
49956    1.000000
49561    0.500000
4935     1.200000
49302    0.250000
49250    0.888889
49248    0.833333
49246    0.800000
49244    0.500000
48946    1.000000
48706    2.000000
48627    1.000000
48566    2.000000
4841     1.000000
484      1.000000
48305    0.692308
47990    0.983425
47891    1.181818
47862    1.000000
47850    1.000000
47758    1.000000
47530    1.021978
47179    1.000000
46917    0.666667
466      0.400000
46572    0.956522
46571    0.866667
46570    1.000000
45774    0.500000
45105    1.000000
451      0.500000
44950    0.333333
44470    0.689655
42930    1.000000
42730    0.818182
42070    0.954545
41948    1.000000
4175     0.833333
41728    0.576923
41512    0.500000
41340    1.000000
41182    1.000000
4071     0.230769
40253    1.000000
40195    0.500000
40036    1.000000
39925    0.285714
39113    1.000000
38609    1.250000
38553    1.000000
38042    0.475000
37997    1.000000
37942    0.500000
37810    0.695652
37589    1.000000
37356    1.000000
37208    0.833333
37156    0.666667
36985    1.000000
36845    0.900000
36120    0.700000
35633    0.888889
35052    0.801887
34712    0.321429
34038    1.000000
33701    0.800000
33685    1.000000
33624    1.250000
33562    0.333333
33516    1.000000
33353    1.000000
33256    0.750000
33252    0.875000
33242    0.823529
33194    2.000000
33101    1.200000
33092    0.900000
32942    0.666667
32933    1.000000
32706    0.250000
32625    0.750000
32579    0.666667
32465    0.666667
32355    1.200000
32004    0.500000
31929    1.600000
31480    0.814103
3143     0.500000
31425    0.500000
31250    0.714286
31230    0.333333
31199    0.875000
30560    0.444444
30505    1.000000
30280    1.000000
30169    0.875000
30152    0.920000
30055    0.500000
29804    0.500000
29452    1.000000
29446    0.666667
29052    1.000000
28457    0.780488
28325    1.200000
28203    0.872727
28202    0.800000
28096    1.000000
27967    0.750000
27454    0.444444
27451    1.000000
27445    0.750000
27221    0.625000
27210    1.000000
27192    1.000000
27186    0.666667
26693    0.500000
26647    0.833333
26642    1.117647
26453    1.000000
26114    1.000000
25967    1.000000
25670    0.600000
2564     0.869565
25576    1.000000
25201    1.000000
25200    0.250000
25039    1.000000
24898    0.782609
24761    1.166667
24563    1.000000
24562    1.000000
24518    1.000000
24465    0.500000
23979    0.400000
23944    0.500000
23921    0.500000
23847    1.000000
23648    1.000000
23621    1.000000
23605    1.000000
23218    0.800000
23144    1.000000
22991    1.000000
22916    0.928571
22867    1.000000
22866    0.875000
22146    0.833333
22079    1.500000
22074    1.000000
22061    3.000000
21942    1.000000
21526    1.000000
21381    1.000000
21378    0.891304
20927    2.000000
20824    0.625000
20506    0.500000
20222    0.428571
20043    0.750000
19891    1.000000
19802    0.750000
19781    1.000000
19748    1.500000
1939     1.000000
19169    1.000000
19105    0.454545
19056    0.800000
18800    0.100000
18614    0.913043
18570    0.333333
17865    0.500000
17683    0.500000
17402    0.765217
17367    0.900000
17344    1.000000
17342    0.777778
17341    1.009259
17074    0.714286
16580    1.000000
16561    0.846154
16289    1.000000
1593     1.000000
15657    0.125000
15656    1.000000
14692    0.333333
14559    0.156250
14229    1.000000
14122    1.000000
13976    1.000000
13968    0.722222
13836    0.750000
13736    0.833333
13720    0.650000
13361    0.807692
12734    1.000000
12731    0.500000
1218     0.857143
11553    0.250000
11528    0.657895
10741    0.500000
10511    0.500000

retailer_id
96     0.638989
95     0.801105
94     0.691589
93     0.671362
92     0.763314
91     0.782609
90     0.701149
9      0.825301
88     0.780220
69     0.790210
55     0.641892
49     0.721429
45     0.762115
35     0.680556
34     0.753731
33     1.000000
32     0.701754
31     0.575000
30     0.831325
29     0.718310
28     0.761905
26     0.479592
25     1.000000
22     0.712121
211    0.766467
210    0.740000
178    0.680851
177    0.761905
176    0.885714
175    0.615385
174    0.689655
173    0.851351
172    0.735537
145    0.702128
141    0.617486
139    0.851852
136    1.000000
134    1.500000
133    0.712121
130    0.656716
127    0.712644
124    0.759690
123    0.714286
120    0.746479
119    0.833333
118    1.066667
117    0.794521
116    0.815789
115    0.695652
11     0.537634
10     0.779006

brand_id
99     0.700980
96     0.745283
95     0.725000
90     1.000000
85     0.555556
84     0.720930
83     0.800000
82     0.818182
77     0.774194
76     0.810526
75     0.802469
74     0.617647
71     0.733333
65     0.785047
60     0.680412
58     1.076923
55     0.765432
52     0.717172
49     0.928571
430    0.848485
429    0.777778
427    1.000000
414    1.000000
412    1.142857
411    1.000000
409    1.000000
404    0.614679
397    0.953488
393    0.750000
392    1.375000
387    0.692308
386    0.833333
382    0.720930
381    0.666667
380    0.604651
38     0.785714
379    1.714286
378    0.857143
374    0.750000
373    0.750000
372    0.800000
371    0.666667
37     0.611842
36     0.914286
35     0.714286
347    0.439024
346    0.700000
345    1.333333
344    1.000000
343    0.703704
342    0.653061
341    0.604651
34     0.950000
338    0.565217
337    0.769231
335    1.100000
334    0.647059
333    0.500000
332    0.814815
33     0.564000
329    0.523810
327    0.666667
326    0.666667
325    1.000000
324    0.555556
322    0.550000
321    0.500000
320    0.363636
32     0.800000
311    0.562500
31     0.817518
302    0.250000
293    0.600000
292    0.500000
291    1.200000
290    0.717949
29     0.836735
289    0.500000
286    0.708333
285    0.739130
284    0.833333
283    0.714286
280    0.846154
279    0.818182
275    0.700000
274    1.500000
272    0.500000
271    1.000000
270    0.875000
267    0.500000
266    0.916667
265    1.050000
264    0.847458
263    0.653846
262    0.682927
261    0.571429
260    0.900000
259    0.818182
257    0.812500
255    1.100000
253    0.400000
251    0.733333
248    0.941176
247    0.714286
246    1.086957
245    0.642857
244    0.777778
243    0.722222
242    0.534483
241    0.727273
240    0.727273
24     0.673684
238    0.703704
237    0.727273
235    0.571429
234    0.815789
233    0.812500
232    0.750000
231    1.500000
228    0.600000
222    0.833333
221    0.888889
220    0.600000
218    0.390000
217    0.671875
216    0.761905
215    0.615385
214    1.000000
213    1.333333
212    0.666667
21     0.710145
209    0.750000
208    2.000000
205    0.800000
204    0.921053
203    0.688889
202    0.571429
201    1.100000
200    0.653846
20     0.689655
199    0.655172
198    0.523810
197    0.733333
196    0.458333
195    0.800000
194    0.833333
193    0.714286
192    1.000000
190    1.000000
19     0.822581
189    0.766234
187    0.500000
186    0.857143
185    0.677419
184    1.217391
183    0.675325
182    0.775000
181    0.666667
180    0.703297
179    0.675676
178    0.866667
177    0.250000
176    0.720000
175    0.956522
173    1.142857
172    1.000000
171    0.833333
170    0.793103
169    0.523529
167    0.800000
166    0.468085
165    0.812500
164    0.750000
160    1.000000
158    0.800000
157    0.600000
156    0.838710
155    0.888889
154    1.000000
153    0.958333
151    1.000000
150    0.833333
147    0.554054
135    0.727273
132    0.530612
130    0.800000
129    0.825000
128    1.181818
127    0.761905
123    0.807692
116    1.000000
114    0.703704
111    0.662069
108    0.734513

