prod_gr_id
(-0.0847, -0.0282]    2
(-0.0282, 0.0282]     2
(0.0282, 0.0846]      2

country_id_n
(-0.957, -0.318]     40
(-0.318, 0.318]     382
(0.318, 0.955]       40

delivery_type_id
(-249.498, -83.0]      367
(-83.0, 83.0]        30547
(83.0, 249.0]          366

retailer_id
(-0.535, -0.178]     204
(-0.178, 0.178]     1844
(0.178, 0.534]       204

brand_id
(-20.958, -6.972]      430
(-6.972, 6.972]      19318
(6.972, 20.917]        430

prod_gr_id
(-0.0847, -0.0282]    2
(-0.0282, 0.0282]     2
(0.0282, 0.0846]      2

country_id_n
(-0.957, -0.318]     40
(-0.318, 0.318]     382
(0.318, 0.955]       40

delivery_type_id
(-249.498, -83.0]      367
(-83.0, 83.0]        30547
(83.0, 249.0]          366

retailer_id
(-0.535, -0.178]     204
(-0.178, 0.178]     1844
(0.178, 0.534]       204

brand_id
(-20.958, -6.972]      430
(-6.972, 6.972]      19318
(6.972, 20.917]        430

