prod_gr_id
(-0.106, -0.0353]    3
(-0.0353, 0.0353]    0
(0.0353, 0.106]      3

country_id_n
(-0.571, -0.19]     61
(-0.19, 0.19]      340
(0.19, 0.57]        61

delivery_type_id
(-2.906, -0.967]      445
(-0.967, 0.967]     11039
(0.967, 2.9]          444

retailer_id
(-1.022, -0.34]      83
(-0.34, 0.34]      1994
(0.34, 1.02]         83

brand_id
(-1.754, -0.583]      552
(-0.583, 0.583]     11110
(0.583, 1.75]         550

prod_gr_id
(-0.0847, -0.0282]    2
(-0.0282, 0.0282]     2
(0.0282, 0.0846]      2

country_id_n
(-0.957, -0.318]     40
(-0.318, 0.318]     382
(0.318, 0.955]       40

delivery_type_id
(-249.498, -83.0]      367
(-83.0, 83.0]        30547
(83.0, 249.0]          366

retailer_id
(-0.535, -0.178]     204
(-0.178, 0.178]     1844
(0.178, 0.534]       204

brand_id
(-20.958, -6.972]      430
(-6.972, 6.972]      19318
(6.972, 20.917]        430

