0   -0.008487
1   -0.006336
2   -0.002152
3    0.002152
4    0.006336
5    0.008487

0     -0.034200
1     -0.033742
2     -0.033272
3     -0.033115
4     -0.032815
5     -0.032815
6     -0.032658
7     -0.032357
8     -0.032103
9     -0.031646
10    -0.031010
11    -0.030553
12    -0.028014
13    -0.027901
14    -0.027557
15    -0.027444
16    -0.019048
17    -0.018591
18    -0.015152
19    -0.014224
20    -0.014067
21    -0.013766
22    -0.013055
23    -0.011962
24    -0.008966
25    -0.008853
26    -0.006299
27    -0.006186
28    -0.005371
29    -0.005258
30    -0.005214
31    -0.005101
32    -0.004914
33    -0.004801
34    -0.004202
35    -0.004089
36    -0.003190
37    -0.003109
38    -0.002996
39    -0.002262
40    -0.002105
41    -0.002096
42    -0.001805
43    -0.001385
44    -0.001169
45    -0.001093
46    -0.001085
47    -0.001012
48    -0.000928
49    -0.000711
50    -0.000457
51    -0.000457
52    -0.000300
53    -0.000157
54    -0.000113
55     0.000113
56     0.000157
57     0.000300
58     0.000457
59     0.000457
60     0.000711
61     0.000928
62     0.001012
63     0.001085
64     0.001093
65     0.001169
66     0.001385
67     0.001805
68     0.002096
69     0.002105
70     0.002262
71     0.002996
72     0.003109
73     0.003190
74     0.004089
75     0.004202
76     0.004801
77     0.004914
78     0.005101
79     0.005214
80     0.005258
81     0.005371
82     0.006186
83     0.006299
84     0.008853
85     0.008966
86     0.011962
87     0.013055
88     0.013766
89     0.014067
90     0.014224
91     0.015152
92     0.018591
93     0.019048
94     0.027444
95     0.027557
96     0.027901
97     0.028014
98     0.030553
99     0.031010
100    0.031646
101    0.032103
102    0.032357
103    0.032658
104    0.032815
105    0.032815
106    0.033115
107    0.033272
108    0.033742
109    0.034200

0      -8.000000
1      -7.998536
2      -7.997664
3      -7.997076
4      -7.993939
5      -7.992857
6      -7.992188
7      -7.991453
8      -7.986667
9      -7.986486
10     -7.984000
11     -7.983051
12     -7.979167
13     -7.978723
14     -7.977778
15     -7.973684
16     -7.971429
17     -7.968750
18     -7.965517
19     -7.964824
20     -7.964286
21     -7.962963
22     -7.956522
23     -7.952381
24     -7.944444
25     -7.931034
26     -7.928571
27     -7.916667
28     -7.909091
29     -7.897436
30     -7.875000
31     -7.857143
32     -7.800000
33     -7.750000
34     -7.666667
35     -7.500000
36     -7.333333
37     -7.000000
38     -6.000000
39     -2.000000
40     -1.998536
41     -1.997664
42     -1.997076
43     -1.993939
44     -1.992857
45     -1.992188
46     -1.991453
47     -1.986667
48     -1.986486
49     -1.984000
50     -1.983051
51     -1.979167
52     -1.978723
53     -1.977778
54     -1.973684
55     -1.971429
56     -1.968750
57     -1.965517
58     -1.964824
59     -1.964286
60     -1.962963
61     -1.956522
62     -1.952381
63     -1.944444
64     -1.931034
65     -1.928571
66     -1.916667
67     -1.909091
68     -1.897436
69     -1.875000
70     -1.857143
71     -1.800000
72     -1.750000
73     -1.666667
74     -1.500000
75     -1.333333
76     -1.000000
77     -0.998536
78     -0.997664
79     -0.997076
80     -0.993939
81     -0.992857
82     -0.992188
83     -0.991453
84     -0.986667
85     -0.986486
86     -0.984000
87     -0.983051
88     -0.979167
89     -0.978723
90     -0.977778
91     -0.973684
92     -0.971429
93     -0.968750
94     -0.965517
95     -0.964824
96     -0.964286
97     -0.962963
98     -0.956522
99     -0.952381
100    -0.944444
101    -0.931034
102    -0.928571
103    -0.916667
104    -0.909091
105    -0.897436
106    -0.875000
107    -0.857143
108    -0.800000
109    -0.750000
110    -0.666667
111    -0.666667
112    -0.665203
113    -0.664330
114    -0.663743
115    -0.660606
116    -0.659524
117    -0.658854
118    -0.658120
119    -0.653333
120    -0.653153
121    -0.650667
122    -0.649718
123    -0.645833
124    -0.645390
125    -0.644444
126    -0.640351
127    -0.638095
128    -0.635417
129    -0.632184
130    -0.631491
131    -0.630952
132    -0.629630
133    -0.623188
134    -0.619048
135    -0.611111
136    -0.597701
137    -0.595238
138    -0.583333
139    -0.575758
140    -0.564103
141    -0.541667
142    -0.523810
143    -0.500000
144    -0.498536
145    -0.497664
146    -0.497076
147    -0.493939
148    -0.492857
149    -0.492188
150    -0.491453
151    -0.486667
152    -0.486486
153    -0.484000
154    -0.483051
155    -0.479167
156    -0.478723
157    -0.477778
158    -0.473684
159    -0.471429
160    -0.468750
161    -0.466667
162    -0.465517
163    -0.464824
164    -0.464286
165    -0.462963
166    -0.456522
167    -0.452381
168    -0.444444
169    -0.431034
170    -0.428571
171    -0.416667
172    -0.416667
173    -0.409091
174    -0.397436
175    -0.375000
176    -0.357143
177    -0.333333
178    -0.333333
179    -0.331869
180    -0.330997
181    -0.330409
182    -0.327273
183    -0.326190
184    -0.325521
185    -0.324786
186    -0.320000
187    -0.319820
188    -0.317333
189    -0.316384
190    -0.312500
191    -0.312057
192    -0.311111
193    -0.307018
194    -0.304762
195    -0.302083
196    -0.300000
197    -0.298851
198    -0.298157
199    -0.297619
200    -0.296296
201    -0.289855
202    -0.285714
203    -0.277778
204    -0.264368
205    -0.261905
206    -0.250000
207    -0.248536
208    -0.247664
209    -0.247076
210    -0.243939
211    -0.242857
212    -0.242424
213    -0.242188
214    -0.241453
215    -0.236667
216    -0.236486
217    -0.234000
218    -0.233051
219    -0.230769
220    -0.229167
221    -0.228723
222    -0.227778
223    -0.223684
224    -0.221429
225    -0.218750
226    -0.215517
227    -0.214824
228    -0.214286
229    -0.212963
230    -0.208333
231    -0.206522
232    -0.202381
233    -0.200000
234    -0.198536
235    -0.197664
236    -0.197076
237    -0.194444
238    -0.193939
239    -0.192857
240    -0.192188
241    -0.191453
242    -0.190476
243    -0.186667
244    -0.186486
245    -0.184000
246    -0.183051
247    -0.181034
248    -0.179167
249    -0.178723
250    -0.178571
251    -0.177778
252    -0.173684
253    -0.171429
254    -0.168750
255    -0.166667
256    -0.166667
257    -0.165517
258    -0.164824
259    -0.164286
260    -0.162963
261    -0.159091
262    -0.156522
263    -0.152381
264    -0.147436
265    -0.144444
266    -0.142857
267    -0.141393
268    -0.140521
269    -0.139933
270    -0.136797
271    -0.135714
272    -0.135045
273    -0.134310
274    -0.133333
275    -0.131034
276    -0.129524
277    -0.129344
278    -0.128571
279    -0.126857
280    -0.125908
281    -0.125000
282    -0.123536
283    -0.122664
284    -0.122076
285    -0.122024
286    -0.121581
287    -0.120635
288    -0.118939
289    -0.117857
290    -0.117188
291    -0.116667
292    -0.116541
293    -0.116453
294    -0.114286
295    -0.111667
296    -0.111607
297    -0.111486
298    -0.109091
299    -0.109000
300    -0.108374
301    -0.108051
302    -0.107681
303    -0.107143
304    -0.107143
305    -0.105820
306    -0.104167
307    -0.103723
308    -0.102778
309    -0.102564
310    -0.101100
311    -0.100228
312    -0.099640
313    -0.099379
314    -0.098684
315    -0.097436
316    -0.096503
317    -0.096429
318    -0.095421
319    -0.095238
320    -0.094752
321    -0.094017
322    -0.093750
323    -0.090909
324    -0.090517
325    -0.089824
326    -0.089445
327    -0.089286
328    -0.089231
329    -0.089051
330    -0.088573
331    -0.087985
332    -0.087963
333    -0.087302
334    -0.086564
335    -0.085615
336    -0.084848
337    -0.083766
338    -0.083333
339    -0.083333
340    -0.083097
341    -0.082362
342    -0.081869
343    -0.081731
344    -0.081522
345    -0.081288
346    -0.080997
347    -0.080409
348    -0.080342
349    -0.077576
350    -0.077396
351    -0.077381
352    -0.077273
353    -0.076248
354    -0.076190
355    -0.075521
356    -0.075000
357    -0.074909
358    -0.074786
359    -0.073993
360    -0.073960
361    -0.073892
362    -0.071429
363    -0.071314
364    -0.070076
365    -0.070000
366    -0.069964
367    -0.069820
368    -0.069632
369    -0.069444
370    -0.069092
371    -0.068966
372    -0.068687
373    -0.068505
374    -0.068081
375    -0.067501
376    -0.067388
377    -0.067333
378    -0.066850
379    -0.066629
380    -0.066384
381    -0.066042
382    -0.065527
383    -0.065368
384    -0.064593
385    -0.064286
386    -0.063616
387    -0.062905
388    -0.062882
389    -0.062500
390    -0.062338
391    -0.062057
392    -0.061823
393    -0.061153
394    -0.061111
395    -0.060419
396    -0.059659
397    -0.059524
398    -0.059086
399    -0.058095
400    -0.057915
401    -0.057143
402    -0.057018
403    -0.056426
404    -0.056034
405    -0.055733
406    -0.055632
407    -0.055556
408    -0.055452
409    -0.055429
410    -0.055195
411    -0.054945
412    -0.054762
413    -0.054479
414    -0.054091
415    -0.053872
416    -0.053571
417    -0.053219
418    -0.052966
419    -0.052632
420    -0.052083
421    -0.052016
422    -0.051948
423    -0.050595
424    -0.050152
425    -0.050000
426    -0.049495
427    -0.049206
428    -0.048851
429    -0.048413
430    -0.048157
431    -0.048132
432    -0.047743
433    -0.047689
434    -0.047619
435    -0.047431
436    -0.047009
437    -0.046743
438    -0.046296
439    -0.046155
440    -0.045283
441    -0.045113
442    -0.044695
443    -0.043478
444    -0.043290
445    -0.042857
446    -0.042650
447    -0.042222
448    -0.042042
449    -0.042014
450    -0.041667
451    -0.041558
452    -0.041142
453    -0.040554
454    -0.040476
455    -0.040394
456    -0.040293
457    -0.040179
458    -0.039855
459    -0.039807
460    -0.039556
461    -0.039072
462    -0.038606
463    -0.037716
464    -0.037418
465    -0.037037
466    -0.036946
467    -0.036335
468    -0.036253
469    -0.035714
470    -0.035666
471    -0.035573
472    -0.035354
473    -0.035176
474    -0.034931
475    -0.034722
476    -0.034701
477    -0.034483
478    -0.034392
479    -0.034286
480    -0.034279
481    -0.034250
482    -0.034113
483    -0.034106
484    -0.034091
485    -0.033790
486    -0.033712
487    -0.033599
488    -0.033378
489    -0.033333
490    -0.033251
491    -0.033019
492    -0.032839
493    -0.032790
494    -0.032252
495    -0.032146
496    -0.031928
497    -0.031619
498    -0.031559
499    -0.031250
500    -0.031136
501    -0.030976
502    -0.030670
503    -0.030145
504    -0.029965
505    -0.029894
506    -0.029786
507    -0.029654
508    -0.029240
509    -0.029225
510    -0.029115
511    -0.028914
512    -0.028571
513    -0.028490
514    -0.028422
515    -0.028326
516    -0.028033
517    -0.027950
518    -0.027902
519    -0.027778
520    -0.027478
521    -0.027363
522    -0.027340
523    -0.027167
524    -0.027107
525    -0.026984
526    -0.026786
527    -0.026670
528    -0.026629
529    -0.026529
530    -0.026342
531    -0.026316
532    -0.026235
533    -0.025936
534    -0.025647
535    -0.025487
536    -0.025397
537    -0.025189
538    -0.024852
539    -0.024306
540    -0.024107
541    -0.023979
542    -0.023810
543    -0.023704
544    -0.023524
545    -0.023438
546    -0.023392
547    -0.022703
548    -0.022645
549    -0.022511
550    -0.022436
551    -0.022381
552    -0.022222
553    -0.022202
554    -0.022201
555    -0.021944
556    -0.021843
557    -0.021662
558    -0.021429
559    -0.021346
560    -0.021303
561    -0.021277
562    -0.021256
563    -0.021149
564    -0.021073
565    -0.021037
566    -0.020969
567    -0.020833
568    -0.020759
569    -0.020758
570    -0.020380
571    -0.020255
572    -0.020088
573    -0.020024
574    -0.019886
575    -0.019841
576    -0.019812
577    -0.019714
578    -0.019481
579    -0.019369
580    -0.019298
581    -0.019231
582    -0.019176
583    -0.019173
584    -0.019048
585    -0.018940
586    -0.018765
587    -0.018519
588    -0.018503
589    -0.018497
590    -0.018483
591    -0.018353
592    -0.018227
593    -0.017917
594    -0.017909
595    -0.017857
596    -0.017769
597    -0.017736
598    -0.017534
599    -0.017162
600    -0.016949
601    -0.016369
602    -0.016204
603    -0.016162
604    -0.016000
605    -0.015873
606    -0.015760
607    -0.015485
608    -0.015250
609    -0.015238
610    -0.015216
611    -0.015079
612    -0.015058
613    -0.014907
614    -0.014881
615    -0.014815
616    -0.014773
617    -0.014613
618    -0.014536
619    -0.014438
620    -0.014410
621    -0.014368
622    -0.014343
623    -0.014301
624    -0.014134
625    -0.014025
626    -0.013899
627    -0.013690
628    -0.013675
629    -0.013664
630    -0.013649
631    -0.013514
632    -0.013492
633    -0.013464
634    -0.013410
635    -0.013333
636    -0.013206
637    -0.013136
638    -0.013076
639    -0.013021
640    -0.012982
641    -0.012954
642    -0.012802
643    -0.012730
644    -0.012571
645    -0.012443
646    -0.012286
647    -0.012261
648    -0.012228
649    -0.012077
650    -0.012049
651    -0.011905
652    -0.011869
653    -0.011655
654    -0.011622
655    -0.011177
656    -0.010997
657    -0.010889
658    -0.010721
659    -0.010590
660    -0.010582
661    -0.010417
662    -0.010409
663    -0.010316
664    -0.009973
665    -0.009939
666    -0.009806
667    -0.009398
668    -0.009367
669    -0.009137
670    -0.009028
671    -0.008996
672    -0.008889
673    -0.008860
674    -0.008857
675    -0.008709
676    -0.008547
677    -0.008466
678    -0.008402
679    -0.008302
680    -0.008188
681    -0.008167
682    -0.007943
683    -0.007937
684    -0.007812
685    -0.007764
686    -0.007763
687    -0.007738
688    -0.007576
689    -0.007500
690    -0.007453
691    -0.007453
692    -0.007320
693    -0.007295
694    -0.007273
695    -0.007143
696    -0.007143
697    -0.007083
698    -0.006604
699    -0.006441
700    -0.006371
701    -0.006349
702    -0.006348
703    -0.006222
704    -0.006211
705    -0.006190
706    -0.006061
707    -0.005911
708    -0.005787
709    -0.005701
710    -0.005679
711    -0.005623
712    -0.005521
713    -0.005482
714    -0.005476
715    -0.005277
716    -0.005273
717    -0.005039
718    -0.004967
719    -0.004934
720    -0.004889
721    -0.004833
722    -0.004806
723    -0.004786
724    -0.004596
725    -0.004464
726    -0.004327
727    -0.004219
728    -0.004141
729    -0.004094
730    -0.003926
731    -0.003884
732    -0.003724
733    -0.003616
734    -0.003436
735    -0.003233
736    -0.003137
737    -0.002924
738    -0.002679
739    -0.002667
740    -0.002554
741    -0.002486
742    -0.002486
743    -0.002463
744    -0.002336
745    -0.002256
746    -0.001861
747    -0.001752
748    -0.001464
749    -0.001460
750    -0.001404
751    -0.001389
752    -0.001323
753    -0.001232
754    -0.001082
755    -0.000949
756    -0.000946
757    -0.000872
758    -0.000735
759    -0.000693
760    -0.000670
761    -0.000588
762    -0.000538
763    -0.000443
764    -0.000180
765     0.000180
766     0.000443
767     0.000538
768     0.000588
769     0.000670
770     0.000693
771     0.000735
772     0.000872
773     0.000946
774     0.000949
775     0.001082
776     0.001232
777     0.001323
778     0.001389
779     0.001404
780     0.001460
781     0.001464
782     0.001752
783     0.001861
784     0.002256
785     0.002336
786     0.002463
787     0.002486
788     0.002486
789     0.002554
790     0.002667
791     0.002679
792     0.002924
793     0.003137
794     0.003233
795     0.003436
796     0.003616
797     0.003724
798     0.003884
799     0.003926
800     0.004094
801     0.004141
802     0.004219
803     0.004327
804     0.004464
805     0.004596
806     0.004786
807     0.004806
808     0.004833
809     0.004889
810     0.004934
811     0.004967
812     0.005039
813     0.005273
814     0.005277
815     0.005476
816     0.005482
817     0.005521
818     0.005623
819     0.005679
820     0.005701
821     0.005787
822     0.005911
823     0.006061
824     0.006190
825     0.006211
826     0.006222
827     0.006348
828     0.006349
829     0.006371
830     0.006441
831     0.006604
832     0.007083
833     0.007143
834     0.007143
835     0.007273
836     0.007295
837     0.007320
838     0.007453
839     0.007453
840     0.007500
841     0.007576
842     0.007738
843     0.007763
844     0.007764
845     0.007812
846     0.007937
847     0.007943
848     0.008167
849     0.008188
850     0.008302
851     0.008402
852     0.008466
853     0.008547
854     0.008709
855     0.008857
856     0.008860
857     0.008889
858     0.008996
859     0.009028
860     0.009137
861     0.009367
862     0.009398
863     0.009806
864     0.009939
865     0.009973
866     0.010316
867     0.010409
868     0.010417
869     0.010582
870     0.010590
871     0.010721
872     0.010889
873     0.010997
874     0.011177
875     0.011622
876     0.011655
877     0.011869
878     0.011905
879     0.012049
880     0.012077
881     0.012228
882     0.012261
883     0.012286
884     0.012443
885     0.012571
886     0.012730
887     0.012802
888     0.012954
889     0.012982
890     0.013021
891     0.013076
892     0.013136
893     0.013206
894     0.013333
895     0.013410
896     0.013464
897     0.013492
898     0.013514
899     0.013649
900     0.013664
901     0.013675
902     0.013690
903     0.013899
904     0.014025
905     0.014134
906     0.014301
907     0.014343
908     0.014368
909     0.014410
910     0.014438
911     0.014536
912     0.014613
913     0.014773
914     0.014815
915     0.014881
916     0.014907
917     0.015058
918     0.015079
919     0.015216
920     0.015238
921     0.015250
922     0.015485
923     0.015760
924     0.015873
925     0.016000
926     0.016162
927     0.016204
928     0.016369
929     0.016949
930     0.017162
931     0.017534
932     0.017736
933     0.017769
934     0.017857
935     0.017909
936     0.017917
937     0.018227
938     0.018353
939     0.018483
940     0.018497
941     0.018503
942     0.018519
943     0.018765
944     0.018940
945     0.019048
946     0.019173
947     0.019176
948     0.019231
949     0.019298
950     0.019369
951     0.019481
952     0.019714
953     0.019812
954     0.019841
955     0.019886
956     0.020024
957     0.020088
958     0.020255
959     0.020380
960     0.020758
961     0.020759
962     0.020833
963     0.020969
964     0.021037
965     0.021073
966     0.021149
967     0.021256
968     0.021277
969     0.021303
970     0.021346
971     0.021429
972     0.021662
973     0.021843
974     0.021944
975     0.022201
976     0.022202
977     0.022222
978     0.022381
979     0.022436
980     0.022511
981     0.022645
982     0.022703
983     0.023392
984     0.023438
985     0.023524
986     0.023704
987     0.023810
988     0.023979
989     0.024107
990     0.024306
991     0.024852
992     0.025189
993     0.025397
994     0.025487
995     0.025647
996     0.025936
997     0.026235
998     0.026316
999     0.026342
1000    0.026529
1001    0.026629
1002    0.026670
1003    0.026786
1004    0.026984
1005    0.027107
1006    0.027167
1007    0.027340
1008    0.027363
1009    0.027478
1010    0.027778
1011    0.027902
1012    0.027950
1013    0.028033
1014    0.028326
1015    0.028422
1016    0.028490
1017    0.028571
1018    0.028914
1019    0.029115
1020    0.029225
1021    0.029240
1022    0.029654
1023    0.029786
1024    0.029894
1025    0.029965
1026    0.030145
1027    0.030670
1028    0.030976
1029    0.031136
1030    0.031250
1031    0.031559
1032    0.031619
1033    0.031928
1034    0.032146
1035    0.032252
1036    0.032790
1037    0.032839
1038    0.033019
1039    0.033251
1040    0.033333
1041    0.033378
1042    0.033599
1043    0.033712
1044    0.033790
1045    0.034091
1046    0.034106
1047    0.034113
1048    0.034250
1049    0.034279
1050    0.034286
1051    0.034392
1052    0.034483
1053    0.034701
1054    0.034722
1055    0.034931
1056    0.035176
1057    0.035354
1058    0.035573
1059    0.035666
1060    0.035714
1061    0.036253
1062    0.036335
1063    0.036946
1064    0.037037
1065    0.037418
1066    0.037716
1067    0.038606
1068    0.039072
1069    0.039556
1070    0.039807
1071    0.039855
1072    0.040179
1073    0.040293
1074    0.040394
1075    0.040476
1076    0.040554
1077    0.041142
1078    0.041558
1079    0.041667
1080    0.042014
1081    0.042042
1082    0.042222
1083    0.042650
1084    0.042857
1085    0.043290
1086    0.043478
1087    0.044695
1088    0.045113
1089    0.045283
1090    0.046155
1091    0.046296
1092    0.046743
1093    0.047009
1094    0.047431
1095    0.047619
1096    0.047689
1097    0.047743
1098    0.048132
1099    0.048157
1100    0.048413
1101    0.048851
1102    0.049206
1103    0.049495
1104    0.050000
1105    0.050152
1106    0.050595
1107    0.051948
1108    0.052016
1109    0.052083
1110    0.052632
1111    0.052966
1112    0.053219
1113    0.053571
1114    0.053872
1115    0.054091
1116    0.054479
1117    0.054762
1118    0.054945
1119    0.055195
1120    0.055429
1121    0.055452
1122    0.055556
1123    0.055632
1124    0.055733
1125    0.056034
1126    0.056426
1127    0.057018
1128    0.057143
1129    0.057915
1130    0.058095
1131    0.059086
1132    0.059524
1133    0.059659
1134    0.060419
1135    0.061111
1136    0.061153
1137    0.061823
1138    0.062057
1139    0.062338
1140    0.062500
1141    0.062882
1142    0.062905
1143    0.063616
1144    0.064286
1145    0.064593
1146    0.065368
1147    0.065527
1148    0.066042
1149    0.066384
1150    0.066629
1151    0.066850
1152    0.067333
1153    0.067388
1154    0.067501
1155    0.068081
1156    0.068505
1157    0.068687
1158    0.068966
1159    0.069092
1160    0.069444
1161    0.069632
1162    0.069820
1163    0.069964
1164    0.070000
1165    0.070076
1166    0.071314
1167    0.071429
1168    0.073892
1169    0.073960
1170    0.073993
1171    0.074786
1172    0.074909
1173    0.075000
1174    0.075521
1175    0.076190
1176    0.076248
1177    0.077273
1178    0.077381
1179    0.077396
1180    0.077576
1181    0.080342
1182    0.080409
1183    0.080997
1184    0.081288
1185    0.081522
1186    0.081731
1187    0.081869
1188    0.082362
1189    0.083097
1190    0.083333
1191    0.083333
1192    0.083766
1193    0.084848
1194    0.085615
1195    0.086564
1196    0.087302
1197    0.087963
1198    0.087985
1199    0.088573
1200    0.089051
1201    0.089231
1202    0.089286
1203    0.089445
1204    0.089824
1205    0.090517
1206    0.090909
1207    0.093750
1208    0.094017
1209    0.094752
1210    0.095238
1211    0.095421
1212    0.096429
1213    0.096503
1214    0.097436
1215    0.098684
1216    0.099379
1217    0.099640
1218    0.100228
1219    0.101100
1220    0.102564
1221    0.102778
1222    0.103723
1223    0.104167
1224    0.105820
1225    0.107143
1226    0.107143
1227    0.107681
1228    0.108051
1229    0.108374
1230    0.109000
1231    0.109091
1232    0.111486
1233    0.111607
1234    0.111667
1235    0.114286
1236    0.116453
1237    0.116541
1238    0.116667
1239    0.117188
1240    0.117857
1241    0.118939
1242    0.120635
1243    0.121581
1244    0.122024
1245    0.122076
1246    0.122664
1247    0.123536
1248    0.125000
1249    0.125908
1250    0.126857
1251    0.128571
1252    0.129344
1253    0.129524
1254    0.131034
1255    0.133333
1256    0.134310
1257    0.135045
1258    0.135714
1259    0.136797
1260    0.139933
1261    0.140521
1262    0.141393
1263    0.142857
1264    0.144444
1265    0.147436
1266    0.152381
1267    0.156522
1268    0.159091
1269    0.162963
1270    0.164286
1271    0.164824
1272    0.165517
1273    0.166667
1274    0.166667
1275    0.168750
1276    0.171429
1277    0.173684
1278    0.177778
1279    0.178571
1280    0.178723
1281    0.179167
1282    0.181034
1283    0.183051
1284    0.184000
1285    0.186486
1286    0.186667
1287    0.190476
1288    0.191453
1289    0.192188
1290    0.192857
1291    0.193939
1292    0.194444
1293    0.197076
1294    0.197664
1295    0.198536
1296    0.200000
1297    0.202381
1298    0.206522
1299    0.208333
1300    0.212963
1301    0.214286
1302    0.214824
1303    0.215517
1304    0.218750
1305    0.221429
1306    0.223684
1307    0.227778
1308    0.228723
1309    0.229167
1310    0.230769
1311    0.233051
1312    0.234000
1313    0.236486
1314    0.236667
1315    0.241453
1316    0.242188
1317    0.242424
1318    0.242857
1319    0.243939
1320    0.247076
1321    0.247664
1322    0.248536
1323    0.250000
1324    0.261905
1325    0.264368
1326    0.277778
1327    0.285714
1328    0.289855
1329    0.296296
1330    0.297619
1331    0.298157
1332    0.298851
1333    0.300000
1334    0.302083
1335    0.304762
1336    0.307018
1337    0.311111
1338    0.312057
1339    0.312500
1340    0.316384
1341    0.317333
1342    0.319820
1343    0.320000
1344    0.324786
1345    0.325521
1346    0.326190
1347    0.327273
1348    0.330409
1349    0.330997
1350    0.331869
1351    0.333333
1352    0.333333
1353    0.357143
1354    0.375000
1355    0.397436
1356    0.409091
1357    0.416667
1358    0.416667
1359    0.428571
1360    0.431034
1361    0.444444
1362    0.452381
1363    0.456522
1364    0.462963
1365    0.464286
1366    0.464824
1367    0.465517
1368    0.466667
1369    0.468750
1370    0.471429
1371    0.473684
1372    0.477778
1373    0.478723
1374    0.479167
1375    0.483051
1376    0.484000
1377    0.486486
1378    0.486667
1379    0.491453
1380    0.492188
1381    0.492857
1382    0.493939
1383    0.497076
1384    0.497664
1385    0.498536
1386    0.500000
1387    0.523810
1388    0.541667
1389    0.564103
1390    0.575758
1391    0.583333
1392    0.595238
1393    0.597701
1394    0.611111
1395    0.619048
1396    0.623188
1397    0.629630
1398    0.630952
1399    0.631491
1400    0.632184
1401    0.635417
1402    0.638095
1403    0.640351
1404    0.644444
1405    0.645390
1406    0.645833
1407    0.649718
1408    0.650667
1409    0.653153
1410    0.653333
1411    0.658120
1412    0.658854
1413    0.659524
1414    0.660606
1415    0.663743
1416    0.664330
1417    0.665203
1418    0.666667
1419    0.666667
1420    0.750000
1421    0.800000
1422    0.857143
1423    0.875000
1424    0.897436
1425    0.909091
1426    0.916667
1427    0.928571
1428    0.931034
1429    0.944444
1430    0.952381
1431    0.956522
1432    0.962963
1433    0.964286
1434    0.964824
1435    0.965517
1436    0.968750
1437    0.971429
1438    0.973684
1439    0.977778
1440    0.978723
1441    0.979167
1442    0.983051
1443    0.984000
1444    0.986486
1445    0.986667
1446    0.991453
1447    0.992188
1448    0.992857
1449    0.993939
1450    0.997076
1451    0.997664
1452    0.998536
1453    1.000000
1454    1.333333
1455    1.500000
1456    1.666667
1457    1.750000
1458    1.800000
1459    1.857143
1460    1.875000
1461    1.897436
1462    1.909091
1463    1.916667
1464    1.928571
1465    1.931034
1466    1.944444
1467    1.952381
1468    1.956522
1469    1.962963
1470    1.964286
1471    1.964824
1472    1.965517
1473    1.968750
1474    1.971429
1475    1.973684
1476    1.977778
1477    1.978723
1478    1.979167
1479    1.983051
1480    1.984000
1481    1.986486
1482    1.986667
1483    1.991453
1484    1.992188
1485    1.992857
1486    1.993939
1487    1.997076
1488    1.997664
1489    1.998536
1490    2.000000
1491    6.000000
1492    7.000000
1493    7.333333
1494    7.500000
1495    7.666667
1496    7.750000
1497    7.800000
1498    7.857143
1499    7.875000
1500    7.897436
1501    7.909091
1502    7.916667
1503    7.928571
1504    7.931034
1505    7.944444
1506    7.952381
1507    7.956522
1508    7.962963
1509    7.964286
1510    7.964824
1511    7.965517
1512    7.968750
1513    7.971429
1514    7.973684
1515    7.977778
1516    7.978723
1517    7.979167
1518    7.983051
1519    7.984000
1520    7.986486
1521    7.986667
1522    7.991453
1523    7.992188
1524    7.992857
1525    7.993939
1526    7.997076
1527    7.997664
1528    7.998536
1529    8.000000

0     -0.204545
1     -0.203105
2     -0.202981
3     -0.202683
4     -0.202348
5     -0.202303
6     -0.202204
7     -0.202045
8     -0.201798
9     -0.200974
10    -0.200922
11    -0.200882
12    -0.200140
13    -0.198896
14    -0.196247
15    -0.195455
16    -0.191212
17    -0.189620
18    -0.184938
19    -0.180736
20    -0.177518
21    -0.176376
22    -0.170357
23    -0.156926
24    -0.125000
25    -0.123559
26    -0.123435
27    -0.123138
28    -0.122802
29    -0.122758
30    -0.122658
31    -0.122500
32    -0.122253
33    -0.121429
34    -0.121377
35    -0.121337
36    -0.120595
37    -0.119350
38    -0.116701
39    -0.115909
40    -0.111667
41    -0.110795
42    -0.110075
43    -0.105392
44    -0.101190
45    -0.097973
46    -0.096831
47    -0.093750
48    -0.092309
49    -0.092185
50    -0.091888
51    -0.091552
52    -0.091508
53    -0.091408
54    -0.091250
55    -0.091003
56    -0.090812
57    -0.090179
58    -0.090127
59    -0.090087
60    -0.089345
61    -0.088100
62    -0.085451
63    -0.084659
64    -0.080417
65    -0.079545
66    -0.078825
67    -0.077381
68    -0.074142
69    -0.069940
70    -0.066723
71    -0.065581
72    -0.059562
73    -0.047619
74    -0.046178
75    -0.046131
76    -0.046054
77    -0.045757
78    -0.045421
79    -0.045377
80    -0.045277
81    -0.045119
82    -0.044872
83    -0.044048
84    -0.043996
85    -0.043956
86    -0.043214
87    -0.041969
88    -0.039320
89    -0.038528
90    -0.034286
91    -0.034188
92    -0.032747
93    -0.032694
94    -0.032623
95    -0.032326
96    -0.031990
97    -0.031946
98    -0.031846
99    -0.031688
100   -0.031441
101   -0.031250
102   -0.030617
103   -0.030565
104   -0.030525
105   -0.029783
106   -0.028538
107   -0.028169
108   -0.028011
109   -0.027027
110   -0.026728
111   -0.026604
112   -0.026307
113   -0.025971
114   -0.025927
115   -0.025889
116   -0.025827
117   -0.025669
118   -0.025586
119   -0.025462
120   -0.025422
121   -0.025165
122   -0.025097
123   -0.024829
124   -0.024785
125   -0.024685
126   -0.024598
127   -0.024546
128   -0.024527
129   -0.024506
130   -0.024280
131   -0.023810
132   -0.023764
133   -0.023456
134   -0.023404
135   -0.023364
136   -0.022622
137   -0.022519
138   -0.022369
139   -0.022245
140   -0.021947
141   -0.021612
142   -0.021567
143   -0.021468
144   -0.021377
145   -0.021310
146   -0.021062
147   -0.020855
148   -0.020592
149   -0.020238
150   -0.020186
151   -0.020147
152   -0.019870
153   -0.019608
154   -0.019450
155   -0.019404
156   -0.019263
157   -0.019078
158   -0.018728
159   -0.018167
160   -0.018160
161   -0.018043
162   -0.017936
163   -0.017746
164   -0.017410
165   -0.017366
166   -0.017266
167   -0.017108
168   -0.016861
169   -0.016036
170   -0.015985
171   -0.015945
172   -0.015511
173   -0.015203
174   -0.014925
175   -0.014836
176   -0.014719
177   -0.014580
178   -0.013958
179   -0.013694
180   -0.013484
181   -0.013431
182   -0.013360
183   -0.013333
184   -0.013244
185   -0.013063
186   -0.012728
187   -0.012683
188   -0.012583
189   -0.012425
190   -0.012178
191   -0.012102
192   -0.011892
193   -0.011768
194   -0.011471
195   -0.011354
196   -0.011309
197   -0.011302
198   -0.011262
199   -0.011136
200   -0.011091
201   -0.010991
202   -0.010833
203   -0.010586
204   -0.010520
205   -0.010517
206   -0.010476
207   -0.010379
208   -0.009762
209   -0.009710
210   -0.009670
211   -0.009276
212   -0.009091
213   -0.008928
214   -0.008884
215   -0.008561
216   -0.008299
217   -0.007684
218   -0.007650
219   -0.007526
220   -0.007419
221   -0.007229
222   -0.007161
223   -0.006893
224   -0.006858
225   -0.006849
226   -0.006749
227   -0.006734
228   -0.006627
229   -0.006591
230   -0.006437
231   -0.006344
232   -0.006275
233   -0.006101
234   -0.006057
235   -0.006019
236   -0.005957
237   -0.005834
238   -0.005799
239   -0.005650
240   -0.005552
241   -0.005519
242   -0.005468
243   -0.005428
244   -0.005035
245   -0.004727
246   -0.004686
247   -0.004682
248   -0.004676
249   -0.004636
250   -0.004405
251   -0.004359
252   -0.004242
253   -0.004209
254   -0.004202
255   -0.004085
256   -0.003893
257   -0.003788
258   -0.003663
259   -0.003623
260   -0.003571
261   -0.003452
262   -0.003441
263   -0.003408
264   -0.003308
265   -0.003218
266   -0.003150
267   -0.002964
268   -0.002902
269   -0.002840
270   -0.002747
271   -0.002649
272   -0.002543
273   -0.002500
274   -0.002342
275   -0.002242
276   -0.002222
277   -0.002207
278   -0.002198
279   -0.002182
280   -0.002163
281   -0.002131
282   -0.002098
283   -0.002078
284   -0.002063
285   -0.002058
286   -0.002027
287   -0.002006
288   -0.001987
289   -0.001905
290   -0.001862
291   -0.001801
292   -0.001761
293   -0.001709
294   -0.001658
295   -0.001592
296   -0.001565
297   -0.001465
298   -0.001441
299   -0.001425
300   -0.001421
301   -0.001381
302   -0.001374
303   -0.001329
304   -0.001321
305   -0.001306
306   -0.001281
307   -0.001244
308   -0.001230
309   -0.001182
310   -0.001163
311   -0.001142
312   -0.001123
313   -0.001071
314   -0.001059
315   -0.000935
316   -0.000916
317   -0.000901
318   -0.000885
319   -0.000876
320   -0.000834
321   -0.000824
322   -0.000801
323   -0.000792
324   -0.000782
325   -0.000777
326   -0.000757
327   -0.000742
328   -0.000677
329   -0.000638
330   -0.000633
331   -0.000549
332   -0.000505
333   -0.000480
334   -0.000421
335   -0.000405
336   -0.000380
337   -0.000336
338   -0.000302
339   -0.000297
340   -0.000258
341   -0.000247
342   -0.000158
343   -0.000144
344   -0.000124
345   -0.000100
346   -0.000092
347   -0.000052
348   -0.000044
349   -0.000040
350    0.000040
351    0.000044
352    0.000052
353    0.000092
354    0.000100
355    0.000124
356    0.000144
357    0.000158
358    0.000247
359    0.000258
360    0.000297
361    0.000302
362    0.000336
363    0.000380
364    0.000405
365    0.000421
366    0.000480
367    0.000505
368    0.000549
369    0.000633
370    0.000638
371    0.000677
372    0.000742
373    0.000757
374    0.000777
375    0.000782
376    0.000792
377    0.000801
378    0.000824
379    0.000834
380    0.000876
381    0.000885
382    0.000901
383    0.000916
384    0.000935
385    0.001059
386    0.001071
387    0.001123
388    0.001142
389    0.001163
390    0.001182
391    0.001230
392    0.001244
393    0.001281
394    0.001306
395    0.001321
396    0.001329
397    0.001374
398    0.001381
399    0.001421
400    0.001425
401    0.001441
402    0.001465
403    0.001565
404    0.001592
405    0.001658
406    0.001709
407    0.001761
408    0.001801
409    0.001862
410    0.001905
411    0.001987
412    0.002006
413    0.002027
414    0.002058
415    0.002063
416    0.002078
417    0.002098
418    0.002131
419    0.002163
420    0.002182
421    0.002198
422    0.002207
423    0.002222
424    0.002242
425    0.002342
426    0.002500
427    0.002543
428    0.002649
429    0.002747
430    0.002840
431    0.002902
432    0.002964
433    0.003150
434    0.003218
435    0.003308
436    0.003408
437    0.003441
438    0.003452
439    0.003571
440    0.003623
441    0.003663
442    0.003788
443    0.003893
444    0.004085
445    0.004202
446    0.004209
447    0.004242
448    0.004359
449    0.004405
450    0.004636
451    0.004676
452    0.004682
453    0.004686
454    0.004727
455    0.005035
456    0.005428
457    0.005468
458    0.005519
459    0.005552
460    0.005650
461    0.005799
462    0.005834
463    0.005957
464    0.006019
465    0.006057
466    0.006101
467    0.006275
468    0.006344
469    0.006437
470    0.006591
471    0.006627
472    0.006734
473    0.006749
474    0.006849
475    0.006858
476    0.006893
477    0.007161
478    0.007229
479    0.007419
480    0.007526
481    0.007650
482    0.007684
483    0.008299
484    0.008561
485    0.008884
486    0.008928
487    0.009091
488    0.009276
489    0.009670
490    0.009710
491    0.009762
492    0.010379
493    0.010476
494    0.010517
495    0.010520
496    0.010586
497    0.010833
498    0.010991
499    0.011091
500    0.011136
501    0.011262
502    0.011302
503    0.011309
504    0.011354
505    0.011471
506    0.011768
507    0.011892
508    0.012102
509    0.012178
510    0.012425
511    0.012583
512    0.012683
513    0.012728
514    0.013063
515    0.013244
516    0.013333
517    0.013360
518    0.013431
519    0.013484
520    0.013694
521    0.013958
522    0.014580
523    0.014719
524    0.014836
525    0.014925
526    0.015203
527    0.015511
528    0.015945
529    0.015985
530    0.016036
531    0.016861
532    0.017108
533    0.017266
534    0.017366
535    0.017410
536    0.017746
537    0.017936
538    0.018043
539    0.018160
540    0.018167
541    0.018728
542    0.019078
543    0.019263
544    0.019404
545    0.019450
546    0.019608
547    0.019870
548    0.020147
549    0.020186
550    0.020238
551    0.020592
552    0.020855
553    0.021062
554    0.021310
555    0.021377
556    0.021468
557    0.021567
558    0.021612
559    0.021947
560    0.022245
561    0.022369
562    0.022519
563    0.022622
564    0.023364
565    0.023404
566    0.023456
567    0.023764
568    0.023810
569    0.024280
570    0.024506
571    0.024527
572    0.024546
573    0.024598
574    0.024685
575    0.024785
576    0.024829
577    0.025097
578    0.025165
579    0.025422
580    0.025462
581    0.025586
582    0.025669
583    0.025827
584    0.025889
585    0.025927
586    0.025971
587    0.026307
588    0.026604
589    0.026728
590    0.027027
591    0.028011
592    0.028169
593    0.028538
594    0.029783
595    0.030525
596    0.030565
597    0.030617
598    0.031250
599    0.031441
600    0.031688
601    0.031846
602    0.031946
603    0.031990
604    0.032326
605    0.032623
606    0.032694
607    0.032747
608    0.034188
609    0.034286
610    0.038528
611    0.039320
612    0.041969
613    0.043214
614    0.043956
615    0.043996
616    0.044048
617    0.044872
618    0.045119
619    0.045277
620    0.045377
621    0.045421
622    0.045757
623    0.046054
624    0.046131
625    0.046178
626    0.047619
627    0.059562
628    0.065581
629    0.066723
630    0.069940
631    0.074142
632    0.077381
633    0.078825
634    0.079545
635    0.080417
636    0.084659
637    0.085451
638    0.088100
639    0.089345
640    0.090087
641    0.090127
642    0.090179
643    0.090812
644    0.091003
645    0.091250
646    0.091408
647    0.091508
648    0.091552
649    0.091888
650    0.092185
651    0.092309
652    0.093750
653    0.096831
654    0.097973
655    0.101190
656    0.105392
657    0.110075
658    0.110795
659    0.111667
660    0.115909
661    0.116701
662    0.119350
663    0.120595
664    0.121337
665    0.121377
666    0.121429
667    0.122253
668    0.122500
669    0.122658
670    0.122758
671    0.122802
672    0.123138
673    0.123435
674    0.123559
675    0.125000
676    0.156926
677    0.170357
678    0.176376
679    0.177518
680    0.180736
681    0.184938
682    0.189620
683    0.191212
684    0.195455
685    0.196247
686    0.198896
687    0.200140
688    0.200882
689    0.200922
690    0.200974
691    0.201798
692    0.202045
693    0.202204
694    0.202303
695    0.202348
696    0.202683
697    0.202981
698    0.203105
699    0.204545

0      -0.473684
1      -0.470952
2      -0.470559
3      -0.469778
4      -0.469465
5      -0.469159
6      -0.467870
7      -0.464593
8      -0.464160
9      -0.462815
10     -0.462190
11     -0.460864
12     -0.460351
13     -0.459795
14     -0.458978
15     -0.458533
16     -0.458059
17     -0.456443
18     -0.451462
19     -0.448043
20     -0.442628
21     -0.440351
22     -0.433684
23     -0.429240
24     -0.422837
25     -0.419518
26     -0.414861
27     -0.413684
28     -0.411184
29     -0.407018
30     -0.402256
31     -0.399610
32     -0.396761
33     -0.362573
34     -0.307018
35     -0.273684
36     -0.200000
37     -0.197268
38     -0.196875
39     -0.196094
40     -0.195781
41     -0.195475
42     -0.194186
43     -0.190909
44     -0.190476
45     -0.189130
46     -0.188506
47     -0.187179
48     -0.186667
49     -0.186111
50     -0.185294
51     -0.184848
52     -0.184375
53     -0.182759
54     -0.177778
55     -0.174359
56     -0.168944
57     -0.166667
58     -0.166667
59     -0.163934
60     -0.163542
61     -0.162760
62     -0.162447
63     -0.162142
64     -0.160853
65     -0.160000
66     -0.157576
67     -0.157143
68     -0.155797
69     -0.155556
70     -0.155172
71     -0.153846
72     -0.153333
73     -0.152778
74     -0.151961
75     -0.151515
76     -0.151042
77     -0.149425
78     -0.149153
79     -0.145833
80     -0.144444
81     -0.141176
82     -0.141026
83     -0.140000
84     -0.137500
85     -0.135611
86     -0.133333
87     -0.133333
88     -0.128571
89     -0.126667
90     -0.125926
91     -0.123077
92     -0.122222
93     -0.115819
94     -0.112500
95     -0.111111
96     -0.108379
97     -0.107986
98     -0.107843
99     -0.107205
100    -0.106892
101    -0.106667
102    -0.106586
103    -0.105297
104    -0.104167
105    -0.102020
106    -0.101587
107    -0.100242
108    -0.100000
109    -0.099617
110    -0.098291
111    -0.097778
112    -0.097222
113    -0.096405
114    -0.095960
115    -0.095486
116    -0.095238
117    -0.093870
118    -0.092593
119    -0.089744
120    -0.088889
121    -0.088889
122    -0.085470
123    -0.080055
124    -0.077778
125    -0.076923
126    -0.074191
127    -0.074074
128    -0.073798
129    -0.073017
130    -0.072704
131    -0.072398
132    -0.071429
133    -0.071342
134    -0.071111
135    -0.071109
136    -0.070949
137    -0.070168
138    -0.069855
139    -0.069549
140    -0.068696
141    -0.068304
142    -0.068260
143    -0.067832
144    -0.067522
145    -0.067399
146    -0.067209
147    -0.066904
148    -0.066667
149    -0.066667
150    -0.066054
151    -0.065615
152    -0.065429
153    -0.064983
154    -0.064550
155    -0.064103
156    -0.063934
157    -0.063590
158    -0.063542
159    -0.063205
160    -0.063034
161    -0.062760
162    -0.062580
163    -0.062500
164    -0.062447
165    -0.062338
166    -0.062217
167    -0.062142
168    -0.061905
169    -0.061772
170    -0.061298
171    -0.061254
172    -0.060853
173    -0.060741
174    -0.060559
175    -0.060264
176    -0.060185
177    -0.060000
178    -0.059934
179    -0.059768
180    -0.059682
181    -0.059375
182    -0.059368
183    -0.058923
184    -0.058824
185    -0.058608
186    -0.058594
187    -0.058449
188    -0.058281
189    -0.058095
190    -0.057975
191    -0.057576
192    -0.057540
193    -0.057268
194    -0.057143
195    -0.056944
196    -0.056875
197    -0.056833
198    -0.056723
199    -0.056686
200    -0.056277
201    -0.056094
202    -0.056091
203    -0.055804
204    -0.055797
205    -0.055781
206    -0.055699
207    -0.055556
208    -0.055475
209    -0.055172
210    -0.054917
211    -0.054701
212    -0.054604
213    -0.054299
214    -0.054187
215    -0.054186
216    -0.054167
217    -0.053846
218    -0.053409
219    -0.053333
220    -0.053010
221    -0.052976
222    -0.052778
223    -0.052288
224    -0.051961
225    -0.051852
226    -0.051630
227    -0.051515
228    -0.051434
229    -0.051282
230    -0.051111
231    -0.051042
232    -0.051006
233    -0.050909
234    -0.050847
235    -0.050476
236    -0.050260
237    -0.049947
238    -0.049733
239    -0.049679
240    -0.049642
241    -0.049425
242    -0.049300
243    -0.049206
244    -0.049167
245    -0.049130
246    -0.048611
247    -0.048611
248    -0.048506
249    -0.048433
250    -0.048353
251    -0.048115
252    -0.047954
253    -0.047794
254    -0.047722
255    -0.047348
256    -0.047329
257    -0.047179
258    -0.046941
259    -0.046875
260    -0.046667
261    -0.046628
262    -0.046323
263    -0.046111
264    -0.046003
265    -0.045867
266    -0.045788
267    -0.045490
268    -0.045294
269    -0.045259
270    -0.045076
271    -0.045034
272    -0.044935
273    -0.044848
274    -0.044643
275    -0.044444
276    -0.044444
277    -0.044375
278    -0.044118
279    -0.043672
280    -0.043590
281    -0.043297
282    -0.043199
283    -0.043018
284    -0.042759
285    -0.042672
286    -0.041757
287    -0.041712
288    -0.041582
289    -0.041346
290    -0.041324
291    -0.041319
292    -0.041026
293    -0.040833
294    -0.040741
295    -0.040538
296    -0.040373
297    -0.040278
298    -0.040278
299    -0.040225
300    -0.040000
301    -0.039978
302    -0.039920
303    -0.039683
304    -0.039461
305    -0.039353
306    -0.039015
307    -0.038630
308    -0.038542
309    -0.038095
310    -0.038027
311    -0.037778
312    -0.037514
313    -0.037268
314    -0.037037
315    -0.036959
316    -0.036925
317    -0.036923
318    -0.036875
319    -0.036859
320    -0.036601
321    -0.036142
322    -0.036094
323    -0.035781
324    -0.035696
325    -0.035611
326    -0.035475
327    -0.035354
328    -0.035222
329    -0.034921
330    -0.034359
331    -0.034188
332    -0.034186
333    -0.034074
334    -0.033606
335    -0.033575
336    -0.033333
337    -0.033333
338    -0.033183
339    -0.032950
340    -0.032479
341    -0.031944
342    -0.031624
343    -0.031444
344    -0.031429
345    -0.031111
346    -0.031056
347    -0.030909
348    -0.030601
349    -0.030556
350    -0.030476
351    -0.030208
352    -0.029739
353    -0.029630
354    -0.029427
355    -0.029293
356    -0.029167
357    -0.029130
358    -0.029114
359    -0.028944
360    -0.028819
361    -0.028808
362    -0.028625
363    -0.028526
364    -0.028506
365    -0.028324
366    -0.027931
367    -0.027768
368    -0.027519
369    -0.027203
370    -0.027179
371    -0.027150
372    -0.026984
373    -0.026836
374    -0.026667
375    -0.026531
376    -0.026111
377    -0.026076
378    -0.025641
379    -0.025490
380    -0.025294
381    -0.025242
382    -0.025206
383    -0.024848
384    -0.024375
385    -0.024242
386    -0.023810
387    -0.023227
388    -0.023111
389    -0.022909
390    -0.022759
391    -0.022756
392    -0.022516
393    -0.022500
394    -0.022464
395    -0.022222
396    -0.022222
397    -0.021965
398    -0.021839
399    -0.021735
400    -0.021532
401    -0.021422
402    -0.021116
403    -0.020833
404    -0.020581
405    -0.020513
406    -0.020186
407    -0.020000
408    -0.019907
409    -0.019827
410    -0.019792
411    -0.019562
412    -0.019490
413    -0.019444
414    -0.019097
415    -0.018824
416    -0.018803
417    -0.018627
418    -0.018316
419    -0.018235
420    -0.018182
421    -0.018100
422    -0.018056
423    -0.018003
424    -0.017778
425    -0.017723
426    -0.017708
427    -0.017697
428    -0.017514
429    -0.017262
430    -0.017241
431    -0.017167
432    -0.016923
433    -0.016550
434    -0.016408
435    -0.016350
436    -0.016117
437    -0.016092
438    -0.015904
439    -0.015819
440    -0.015625
441    -0.015556
442    -0.015431
443    -0.015251
444    -0.015152
445    -0.014771
446    -0.014706
447    -0.014509
448    -0.014423
449    -0.014379
450    -0.014359
451    -0.014167
452    -0.014147
453    -0.014116
454    -0.014074
455    -0.013889
456    -0.013815
457    -0.013389
458    -0.013335
459    -0.013333
460    -0.013131
461    -0.013022
462    -0.012893
463    -0.012821
464    -0.012716
465    -0.012698
466    -0.012605
467    -0.012500
468    -0.012500
469    -0.012419
470    -0.012308
471    -0.012027
472    -0.011974
473    -0.011752
474    -0.011719
475    -0.011653
476    -0.011581
477    -0.011574
478    -0.011494
479    -0.011429
480    -0.011427
481    -0.011406
482    -0.011353
483    -0.011245
484    -0.011157
485    -0.011111
486    -0.011111
487    -0.011100
488    -0.010935
489    -0.010932
490    -0.010870
491    -0.010847
492    -0.010800
493    -0.010764
494    -0.010728
495    -0.010627
496    -0.010601
497    -0.010490
498    -0.010486
499    -0.010256
500    -0.010208
501    -0.010181
502    -0.010088
503    -0.010016
504    -0.009983
505    -0.009811
506    -0.009722
507    -0.009696
508    -0.009669
509    -0.009524
510    -0.009427
511    -0.009402
512    -0.009364
513    -0.009338
514    -0.009153
515    -0.009114
516    -0.009091
517    -0.008944
518    -0.008929
519    -0.008914
520    -0.008892
521    -0.008889
522    -0.008834
523    -0.008808
524    -0.008762
525    -0.008601
526    -0.008400
527    -0.008369
528    -0.008333
529    -0.008333
530    -0.008296
531    -0.008150
532    -0.008137
533    -0.008075
534    -0.007976
535    -0.007843
536    -0.007745
537    -0.007718
538    -0.007692
539    -0.007588
540    -0.007519
541    -0.007516
542    -0.007407
543    -0.007275
544    -0.007071
545    -0.007007
546    -0.006969
547    -0.006963
548    -0.006792
549    -0.006667
550    -0.006650
551    -0.006597
552    -0.006534
553    -0.006403
554    -0.006399
555    -0.006372
556    -0.006359
557    -0.006345
558    -0.006101
559    -0.006061
560    -0.005966
561    -0.005833
562    -0.005814
563    -0.005747
564    -0.005680
565    -0.005628
566    -0.005618
567    -0.005615
568    -0.005495
569    -0.005415
570    -0.005304
571    -0.005185
572    -0.005182
573    -0.005056
574    -0.004999
575    -0.004981
576    -0.004871
577    -0.004798
578    -0.004762
579    -0.004755
580    -0.004657
581    -0.004566
582    -0.004525
583    -0.004444
584    -0.004421
585    -0.004365
586    -0.004282
587    -0.004242
588    -0.004219
589    -0.004167
590    -0.004131
591    -0.003908
592    -0.003906
593    -0.003836
594    -0.003810
595    -0.003730
596    -0.003710
597    -0.003676
598    -0.003657
599    -0.003419
600    -0.003352
601    -0.003319
602    -0.003297
603    -0.003277
604    -0.003212
605    -0.003125
606    -0.003082
607    -0.003019
608    -0.002849
609    -0.002804
610    -0.002732
611    -0.002689
612    -0.002646
613    -0.002535
614    -0.002500
615    -0.002464
616    -0.002403
617    -0.002395
618    -0.002331
619    -0.002292
620    -0.002277
621    -0.002090
622    -0.001970
623    -0.001951
624    -0.001908
625    -0.001885
626    -0.001839
627    -0.001818
628    -0.001793
629    -0.001779
630    -0.001736
631    -0.001616
632    -0.001595
633    -0.001487
634    -0.001400
635    -0.001373
636    -0.001346
637    -0.001326
638    -0.001289
639    -0.001263
640    -0.001176
641    -0.001174
642    -0.001094
643    -0.001068
644    -0.000919
645    -0.000817
646    -0.000781
647    -0.000625
648    -0.000619
649    -0.000556
650    -0.000513
651    -0.000473
652    -0.000446
653    -0.000433
654    -0.000393
655    -0.000313
656    -0.000305
657     0.000305
658     0.000313
659     0.000393
660     0.000433
661     0.000446
662     0.000473
663     0.000513
664     0.000556
665     0.000619
666     0.000625
667     0.000781
668     0.000817
669     0.000919
670     0.001068
671     0.001094
672     0.001174
673     0.001176
674     0.001263
675     0.001289
676     0.001326
677     0.001346
678     0.001373
679     0.001400
680     0.001487
681     0.001595
682     0.001616
683     0.001736
684     0.001779
685     0.001793
686     0.001818
687     0.001839
688     0.001885
689     0.001908
690     0.001951
691     0.001970
692     0.002090
693     0.002277
694     0.002292
695     0.002331
696     0.002395
697     0.002403
698     0.002464
699     0.002500
700     0.002535
701     0.002646
702     0.002689
703     0.002732
704     0.002804
705     0.002849
706     0.003019
707     0.003082
708     0.003125
709     0.003212
710     0.003277
711     0.003297
712     0.003319
713     0.003352
714     0.003419
715     0.003657
716     0.003676
717     0.003710
718     0.003730
719     0.003810
720     0.003836
721     0.003906
722     0.003908
723     0.004131
724     0.004167
725     0.004219
726     0.004242
727     0.004282
728     0.004365
729     0.004421
730     0.004444
731     0.004525
732     0.004566
733     0.004657
734     0.004755
735     0.004762
736     0.004798
737     0.004871
738     0.004981
739     0.004999
740     0.005056
741     0.005182
742     0.005185
743     0.005304
744     0.005415
745     0.005495
746     0.005615
747     0.005618
748     0.005628
749     0.005680
750     0.005747
751     0.005814
752     0.005833
753     0.005966
754     0.006061
755     0.006101
756     0.006345
757     0.006359
758     0.006372
759     0.006399
760     0.006403
761     0.006534
762     0.006597
763     0.006650
764     0.006667
765     0.006792
766     0.006963
767     0.006969
768     0.007007
769     0.007071
770     0.007275
771     0.007407
772     0.007516
773     0.007519
774     0.007588
775     0.007692
776     0.007718
777     0.007745
778     0.007843
779     0.007976
780     0.008075
781     0.008137
782     0.008150
783     0.008296
784     0.008333
785     0.008333
786     0.008369
787     0.008400
788     0.008601
789     0.008762
790     0.008808
791     0.008834
792     0.008889
793     0.008892
794     0.008914
795     0.008929
796     0.008944
797     0.009091
798     0.009114
799     0.009153
800     0.009338
801     0.009364
802     0.009402
803     0.009427
804     0.009524
805     0.009669
806     0.009696
807     0.009722
808     0.009811
809     0.009983
810     0.010016
811     0.010088
812     0.010181
813     0.010208
814     0.010256
815     0.010486
816     0.010490
817     0.010601
818     0.010627
819     0.010728
820     0.010764
821     0.010800
822     0.010847
823     0.010870
824     0.010932
825     0.010935
826     0.011100
827     0.011111
828     0.011111
829     0.011157
830     0.011245
831     0.011353
832     0.011406
833     0.011427
834     0.011429
835     0.011494
836     0.011574
837     0.011581
838     0.011653
839     0.011719
840     0.011752
841     0.011974
842     0.012027
843     0.012308
844     0.012419
845     0.012500
846     0.012500
847     0.012605
848     0.012698
849     0.012716
850     0.012821
851     0.012893
852     0.013022
853     0.013131
854     0.013333
855     0.013335
856     0.013389
857     0.013815
858     0.013889
859     0.014074
860     0.014116
861     0.014147
862     0.014167
863     0.014359
864     0.014379
865     0.014423
866     0.014509
867     0.014706
868     0.014771
869     0.015152
870     0.015251
871     0.015431
872     0.015556
873     0.015625
874     0.015819
875     0.015904
876     0.016092
877     0.016117
878     0.016350
879     0.016408
880     0.016550
881     0.016923
882     0.017167
883     0.017241
884     0.017262
885     0.017514
886     0.017697
887     0.017708
888     0.017723
889     0.017778
890     0.018003
891     0.018056
892     0.018100
893     0.018182
894     0.018235
895     0.018316
896     0.018627
897     0.018803
898     0.018824
899     0.019097
900     0.019444
901     0.019490
902     0.019562
903     0.019792
904     0.019827
905     0.019907
906     0.020000
907     0.020186
908     0.020513
909     0.020581
910     0.020833
911     0.021116
912     0.021422
913     0.021532
914     0.021735
915     0.021839
916     0.021965
917     0.022222
918     0.022222
919     0.022464
920     0.022500
921     0.022516
922     0.022756
923     0.022759
924     0.022909
925     0.023111
926     0.023227
927     0.023810
928     0.024242
929     0.024375
930     0.024848
931     0.025206
932     0.025242
933     0.025294
934     0.025490
935     0.025641
936     0.026076
937     0.026111
938     0.026531
939     0.026667
940     0.026836
941     0.026984
942     0.027150
943     0.027179
944     0.027203
945     0.027519
946     0.027768
947     0.027931
948     0.028324
949     0.028506
950     0.028526
951     0.028625
952     0.028808
953     0.028819
954     0.028944
955     0.029114
956     0.029130
957     0.029167
958     0.029293
959     0.029427
960     0.029630
961     0.029739
962     0.030208
963     0.030476
964     0.030556
965     0.030601
966     0.030909
967     0.031056
968     0.031111
969     0.031429
970     0.031444
971     0.031624
972     0.031944
973     0.032479
974     0.032950
975     0.033183
976     0.033333
977     0.033333
978     0.033575
979     0.033606
980     0.034074
981     0.034186
982     0.034188
983     0.034359
984     0.034921
985     0.035222
986     0.035354
987     0.035475
988     0.035611
989     0.035696
990     0.035781
991     0.036094
992     0.036142
993     0.036601
994     0.036859
995     0.036875
996     0.036923
997     0.036925
998     0.036959
999     0.037037
1000    0.037268
1001    0.037514
1002    0.037778
1003    0.038027
1004    0.038095
1005    0.038542
1006    0.038630
1007    0.039015
1008    0.039353
1009    0.039461
1010    0.039683
1011    0.039920
1012    0.039978
1013    0.040000
1014    0.040225
1015    0.040278
1016    0.040278
1017    0.040373
1018    0.040538
1019    0.040741
1020    0.040833
1021    0.041026
1022    0.041319
1023    0.041324
1024    0.041346
1025    0.041582
1026    0.041712
1027    0.041757
1028    0.042672
1029    0.042759
1030    0.043018
1031    0.043199
1032    0.043297
1033    0.043590
1034    0.043672
1035    0.044118
1036    0.044375
1037    0.044444
1038    0.044444
1039    0.044643
1040    0.044848
1041    0.044935
1042    0.045034
1043    0.045076
1044    0.045259
1045    0.045294
1046    0.045490
1047    0.045788
1048    0.045867
1049    0.046003
1050    0.046111
1051    0.046323
1052    0.046628
1053    0.046667
1054    0.046875
1055    0.046941
1056    0.047179
1057    0.047329
1058    0.047348
1059    0.047722
1060    0.047794
1061    0.047954
1062    0.048115
1063    0.048353
1064    0.048433
1065    0.048506
1066    0.048611
1067    0.048611
1068    0.049130
1069    0.049167
1070    0.049206
1071    0.049300
1072    0.049425
1073    0.049642
1074    0.049679
1075    0.049733
1076    0.049947
1077    0.050260
1078    0.050476
1079    0.050847
1080    0.050909
1081    0.051006
1082    0.051042
1083    0.051111
1084    0.051282
1085    0.051434
1086    0.051515
1087    0.051630
1088    0.051852
1089    0.051961
1090    0.052288
1091    0.052778
1092    0.052976
1093    0.053010
1094    0.053333
1095    0.053409
1096    0.053846
1097    0.054167
1098    0.054186
1099    0.054187
1100    0.054299
1101    0.054604
1102    0.054701
1103    0.054917
1104    0.055172
1105    0.055475
1106    0.055556
1107    0.055699
1108    0.055781
1109    0.055797
1110    0.055804
1111    0.056091
1112    0.056094
1113    0.056277
1114    0.056686
1115    0.056723
1116    0.056833
1117    0.056875
1118    0.056944
1119    0.057143
1120    0.057268
1121    0.057540
1122    0.057576
1123    0.057975
1124    0.058095
1125    0.058281
1126    0.058449
1127    0.058594
1128    0.058608
1129    0.058824
1130    0.058923
1131    0.059368
1132    0.059375
1133    0.059682
1134    0.059768
1135    0.059934
1136    0.060000
1137    0.060185
1138    0.060264
1139    0.060559
1140    0.060741
1141    0.060853
1142    0.061254
1143    0.061298
1144    0.061772
1145    0.061905
1146    0.062142
1147    0.062217
1148    0.062338
1149    0.062447
1150    0.062500
1151    0.062580
1152    0.062760
1153    0.063034
1154    0.063205
1155    0.063542
1156    0.063590
1157    0.063934
1158    0.064103
1159    0.064550
1160    0.064983
1161    0.065429
1162    0.065615
1163    0.066054
1164    0.066667
1165    0.066667
1166    0.066904
1167    0.067209
1168    0.067399
1169    0.067522
1170    0.067832
1171    0.068260
1172    0.068304
1173    0.068696
1174    0.069549
1175    0.069855
1176    0.070168
1177    0.070949
1178    0.071109
1179    0.071111
1180    0.071342
1181    0.071429
1182    0.072398
1183    0.072704
1184    0.073017
1185    0.073798
1186    0.074074
1187    0.074191
1188    0.076923
1189    0.077778
1190    0.080055
1191    0.085470
1192    0.088889
1193    0.088889
1194    0.089744
1195    0.092593
1196    0.093870
1197    0.095238
1198    0.095486
1199    0.095960
1200    0.096405
1201    0.097222
1202    0.097778
1203    0.098291
1204    0.099617
1205    0.100000
1206    0.100242
1207    0.101587
1208    0.102020
1209    0.104167
1210    0.105297
1211    0.106586
1212    0.106667
1213    0.106892
1214    0.107205
1215    0.107843
1216    0.107986
1217    0.108379
1218    0.111111
1219    0.112500
1220    0.115819
1221    0.122222
1222    0.123077
1223    0.125926
1224    0.126667
1225    0.128571
1226    0.133333
1227    0.133333
1228    0.135611
1229    0.137500
1230    0.140000
1231    0.141026
1232    0.141176
1233    0.144444
1234    0.145833
1235    0.149153
1236    0.149425
1237    0.151042
1238    0.151515
1239    0.151961
1240    0.152778
1241    0.153333
1242    0.153846
1243    0.155172
1244    0.155556
1245    0.155797
1246    0.157143
1247    0.157576
1248    0.160000
1249    0.160853
1250    0.162142
1251    0.162447
1252    0.162760
1253    0.163542
1254    0.163934
1255    0.166667
1256    0.166667
1257    0.168944
1258    0.174359
1259    0.177778
1260    0.182759
1261    0.184375
1262    0.184848
1263    0.185294
1264    0.186111
1265    0.186667
1266    0.187179
1267    0.188506
1268    0.189130
1269    0.190476
1270    0.190909
1271    0.194186
1272    0.195475
1273    0.195781
1274    0.196094
1275    0.196875
1276    0.197268
1277    0.200000
1278    0.273684
1279    0.307018
1280    0.362573
1281    0.396761
1282    0.399610
1283    0.402256
1284    0.407018
1285    0.411184
1286    0.413684
1287    0.414861
1288    0.419518
1289    0.422837
1290    0.429240
1291    0.433684
1292    0.440351
1293    0.442628
1294    0.448043
1295    0.451462
1296    0.456443
1297    0.458059
1298    0.458533
1299    0.458978
1300    0.459795
1301    0.460351
1302    0.460864
1303    0.462190
1304    0.462815
1305    0.464160
1306    0.464593
1307    0.467870
1308    0.469159
1309    0.469465
1310    0.469778
1311    0.470559
1312    0.470952
1313    0.473684

