prod_gr_id
427    0.663796
426    0.616177
413    0.622158

country_id_n
177     0.681818
176     0.664384
160     0.680851
139     0.568493
138     0.634615
136     0.689655
126     0.680945
121     0.649892
116     0.649402
114     0.688312
113     0.665432
110     0.649778
109     0.386667
108     0.690469
107     0.672269
106     0.430536
105     0.670455
104     0.699856
103     0.711691
1011    0.731844
1010    0.680288
1002    0.733333

delivery_type_id
9974     0.222222
9949     0.333333
9158     0.750000
8705     0.500000
8088     0.372881
7932     0.434783
79000    1.000000
78977    0.688889
78868    1.000000
78808    1.000000
78767    0.714286
78704    0.333333
78664    1.000000
78650    1.000000
78649    1.000000
78631    0.857143
78524    1.000000
78444    1.000000
78366    0.717949
78326    1.000000
78150    0.652632
78140    0.571429
78033    0.672131
77994    0.640000
77992    0.659574
77805    0.700000
77780    0.777778
77710    0.666667
77579    0.416667
77565    0.750000
77558    0.666667
77507    0.500000
77493    0.750000
77473    0.500000
77402    0.571429
77385    1.000000
77341    1.000000
77339    0.857143
77329    0.500000
77319    0.200000
77314    1.000000
77264    0.583333
77261    0.697674
77229    0.631579
77212    0.500000
77119    0.428571
77073    0.750000
77064    0.684932
77027    0.745455
76946    0.500000
76941    1.000000
76922    0.666667
76900    0.656934
76873    1.000000
76747    0.700000
76687    0.777778
76644    1.000000
76630    1.000000
76407    0.645161
76376    1.000000
76333    0.333333
76332    0.333333
76331    0.500000
76290    0.200000
76206    0.750000
76171    0.678571
76156    0.750000
76133    1.000000
76083    0.375000
7607     0.666667
76068    1.000000
76007    0.500000
75846    1.000000
75844    0.857143
75662    0.400000
75639    0.166667
75638    0.500000
75608    0.875000
75591    0.428571
75381    0.500000
75366    1.000000
75316    0.600000
75253    0.666667
75248    1.000000
75245    0.600000
75190    1.000000
75188    1.000000
75176    1.000000
75078    0.600000
75029    0.600000
75019    0.657143
75011    1.000000
74939    1.000000
74833    0.500000
74831    1.000000
74775    0.500000
74711    1.000000
74710    1.000000
74622    0.666667
7420     1.000000
74184    1.000000
74177    0.714286
74071    0.625000
74052    0.375000
74050    0.307692
74027    0.571429
74023    0.571429
73968    1.000000
73723    0.727273
73719    1.000000
73704    1.000000
73658    0.500000
73646    0.500000
7359     0.730769
73574    0.833333
73532    0.500000
73524    1.000000
73521    0.500000
73517    0.625000
73516    0.714286
73514    0.555556
73513    0.625000
73431    0.833333
73414    0.500000
73393    1.000000
73269    0.764706
73260    0.500000
73176    0.700000
73173    1.000000
73117    0.642857
73029    1.000000
72926    0.800000
72897    0.500000
72894    0.615764
72886    0.250000
72884    0.428571
72882    1.000000
72880    0.823529
72869    0.500000
72866    1.000000
72836    0.600000
72831    0.666667
72827    1.000000
72732    0.666667
72723    0.647059
72706    1.000000
7270     0.666667
72662    1.000000
72597    0.730769
72570    1.000000
72569    0.540541
72456    0.611111
72454    0.526316
72442    1.000000
72409    1.000000
72349    1.000000
72348    1.000000
72278    0.500000
72253    0.550000
7221     0.500000
72155    0.717391
72150    0.500000
72060    0.523810
71984    0.714286
71933    0.608696
71863    1.000000
71843    1.000000
71835    1.000000
71777    1.000000
71668    1.000000
71613    1.000000
71604    1.000000
71580    1.000000
71548    0.625000
71423    0.500000
7142     0.750000
71406    0.647059
71391    0.736842
71366    1.000000
71362    1.000000
71344    1.000000
71331    1.000000
71326    0.500000
71324    0.333333
71305    1.000000
71271    1.000000
71258    0.600000
71227    0.750000
71142    1.000000
71108    1.000000
71063    0.500000
71061    1.000000
71040    0.614286
71021    0.731343
70945    0.591837
70930    1.000000
70883    0.666667
70846    0.428571
70805    0.500000
70794    1.000000
70656    0.500000
70445    1.000000
70415    0.800000
70376    1.000000
70375    0.700000
70374    0.800000
70357    1.000000
70352    0.722222
70350    1.000000
70312    0.500000
70309    0.142857
70245    1.000000
70154    0.500000
70140    1.000000
69913    0.750000
69733    0.166667
6973     0.500000
69724    1.000000
69723    1.000000
69674    1.000000
69506    0.500000
69504    0.750000
69435    0.400000
69345    1.000000
69264    0.714286
69136    1.000000
69135    0.666667
68890    0.800000
68875    1.000000
68873    0.400000
68803    0.621622
68789    1.000000
68783    0.500000
68599    1.000000
68484    0.800000
68438    1.000000
68429    0.555556
6835     1.000000
68024    1.000000
68015    1.000000
67989    0.500000
67901    0.333333
67882    0.700000
67815    1.000000
67781    0.875000
67770    1.000000
67754    1.000000
67555    1.000000
67548    0.800000
6743     1.000000
67384    1.000000
67349    1.000000
67317    0.500000
67284    0.500000
67170    1.000000
67165    0.333333
67157    0.250000
67059    1.000000
67043    0.500000
67017    0.375000
66966    1.000000
66871    0.500000
66798    1.000000
6675     0.666667
66613    0.200000
66610    0.416667
66412    0.679245
66381    1.000000
66285    0.673077
66278    0.527778
66265    0.666667
66261    1.000000
66223    1.000000
66216    1.000000
66107    0.750000
6597     0.625000
65915    0.400000
65907    0.666667
65882    1.000000
65880    0.333333
65866    0.333333
65848    0.500000
65836    1.000000
65820    1.000000
65816    1.000000
65811    0.428571
65721    0.700000
65558    0.593985
65551    1.000000
65519    1.000000
65411    0.736842
65403    1.000000
65402    1.000000
65399    1.000000
65387    0.714286
65378    0.666667
65375    1.000000
65342    0.800000
65330    1.000000
65326    1.000000
65273    1.000000
65249    1.000000
65246    0.800000
65221    1.000000
65220    0.500000
65132    0.666667
65128    0.416667
65124    0.756757
65108    0.500000
65101    0.333333
65027    0.600000
65003    0.714286
65002    1.000000
65001    0.500000
64990    0.578431
64967    0.818182
64966    0.705882
64965    0.666667
64960    0.750000
64947    0.600000
64941    0.689655
64781    0.625000
64719    0.666667
64716    1.000000
64674    0.400000
64672    0.333333
64667    1.000000
64659    0.666667
64612    1.000000
64552    1.000000
64456    0.611111
64391    0.783784
64372    0.588235
64276    1.000000
64207    1.000000
64205    1.000000
64196    0.444444
64135    0.571429
64120    0.321429
64063    1.000000
63977    0.714286
63853    0.538462
63851    0.500000
63818    0.777778
63816    0.666667
63639    1.000000
63419    0.637821
63395    0.666667
63388    0.400000
63387    1.000000
63386    0.666667
63322    0.500000
63321    0.400000
63319    0.600000
63306    0.666667
63224    1.000000
63160    0.614286
63153    0.823529
63093    0.629630
629      0.310345
62890    1.000000
62765    1.000000
62744    0.602564
62634    0.627451
62626    1.000000
62621    0.743802
62574    0.426966
62570    0.555556
62529    0.614035
62519    0.750000
62228    0.500000
62206    1.000000
62202    0.569620
62176    1.000000
62026    0.585366
61994    1.000000
61880    1.000000
6180     0.525000
61679    1.000000
61260    0.631579
61076    1.000000
61040    1.000000
61024    0.583333
60879    0.375000
60777    0.333333
60769    0.857143
60733    0.600000
60648    0.571429
60464    0.800000
60425    1.000000
60395    0.473684
60300    0.707865
60291    0.588235
60026    1.000000
59646    0.666667
59568    0.642857
59564    0.857143
59553    0.416667
59533    0.500000
59521    0.600000
59463    0.380282
59449    0.666667
59266    0.551724
59257    1.000000
59252    0.677419
59196    0.782609
59174    1.000000
59139    1.000000
59097    0.500000
59085    0.400000
59077    0.333333
59075    0.600000
58936    0.696429
58690    0.400000
58678    0.555556
58668    0.676471
58630    0.666667
58524    0.750000
58521    1.000000
58497    1.000000
58437    0.676301
58321    0.833333
57848    0.400000
57823    0.630252
57822    0.674419
57817    0.703704
57613    1.000000
57582    0.750000
57174    1.000000
57153    0.640000
5704     1.000000
56471    1.000000
56462    0.662295
56344    0.634361
56334    0.777778
56321    1.000000
56293    0.750000
56163    0.600000
56106    0.677419
55792    1.000000
55450    0.666667
55449    0.600000
55440    0.875000
55427    0.625000
55368    0.733333
55200    1.000000
5495     0.562500
54855    0.500000
54499    0.166667
54498    1.000000
54452    0.750000
54446    1.000000
54412    1.000000
54373    0.500000
54360    0.428571
54359    1.000000
54349    1.000000
54303    0.600000
54226    0.833333
54181    1.000000
54163    1.000000
53906    0.693878
53883    0.500000
53826    0.875000
53821    0.631579
53791    0.647727
53758    0.750000
53747    0.875000
53621    0.750000
53579    1.000000
53573    0.500000
53474    1.000000
53460    0.737705
53405    0.500000
53126    0.500000
52907    0.803922
529      0.400000
52863    1.000000
52617    0.666667
52614    0.555556
52571    0.733333
52537    0.545455
5248     1.000000
52479    0.333333
52011    0.500000
51949    1.000000
51876    0.500000
51870    0.500000
51501    1.000000
51456    0.600000
50671    0.655172
50587    0.900000
50361    0.769231
50128    0.722222
50102    0.685185
500      0.666667
49992    0.666667
49877    1.000000
49561    0.333333
4935     0.615385
49302    0.428571
49250    0.677419
49248    0.724138
49246    0.555556
49245    0.857143
49244    0.333333
4924     1.000000
48946    0.666667
48882    1.000000
48706    0.857143
48566    0.333333
484      0.500000
48305    0.657895
48130    1.000000
48110    0.500000
47990    0.704731
47891    0.636364
47862    0.850000
47850    0.736842
47758    0.785714
47530    0.694352
47421    1.000000
47179    0.500000
46917    0.600000
46658    1.000000
466      0.750000
46572    0.696203
46571    0.776119
46570    0.708333
46412    1.000000
46280    0.875000
46232    1.000000
46014    1.000000
45774    0.666667
45147    1.000000
451      0.333333
44950    0.500000
44470    0.641975
42930    0.500000
42858    1.000000
428      1.000000
42730    0.711207
42716    1.000000
42702    0.666667
42070    0.626667
41967    1.000000
41948    0.727273
4175     0.684211
41728    0.653846
41512    0.647059
41182    0.500000
41137    0.444444
41133    1.000000
4071     0.187500
40340    1.000000
40253    0.250000
40218    1.000000
40178    0.500000
40150    0.500000
40141    1.000000
40036    0.731707
39925    0.222222
39335    1.000000
39319    1.000000
39125    1.000000
39113    0.676056
39104    1.000000
38929    0.666667
38609    0.718750
38605    1.000000
38553    0.666667
38042    0.600000
37947    1.000000
37942    0.600000
37810    0.593220
37589    0.750000
37356    0.750000
37340    0.600000
37210    0.600000
37208    0.500000
37175    1.000000
37156    0.400000
36985    0.666667
36845    0.629630
36794    1.000000
3639     1.000000
36120    0.722222
35976    1.000000
35762    1.000000
35633    0.795918
35052    0.654952
34712    0.333333
34197    1.000000
34189    1.000000
34038    0.250000
34033    1.000000
33867    0.500000
33857    1.000000
33701    0.700000
33685    0.400000
33624    0.636364
33562    0.250000
33516    0.500000
33353    0.666667
33256    0.600000
33252    0.649123
33242    0.600000
33194    0.500000
33101    0.707317
33092    0.656250
32942    0.800000
32706    0.200000
32625    0.586207
32579    0.750000
32465    0.750000
32355    0.720000
32347    1.000000
32250    1.000000
32004    0.333333
31929    0.821429
31571    1.000000
31480    0.684369
3143     0.440000
31379    1.000000
31340    1.000000
31250    0.461538
31241    1.000000
31230    0.600000
31199    0.550000
30928    1.000000
30769    1.000000
30560    0.357143
30505    0.800000
30280    0.571429
30209    1.000000
30169    0.642857
30152    0.726287
30151    1.000000
30139    0.500000
30055    0.666667
29804    0.677419
29452    0.750000
29446    0.250000
28676    1.000000
28578    0.800000
28465    1.000000
28457    0.641618
28325    0.722222
28203    0.710660
28202    0.687500
27967    0.714286
27454    0.608696
27451    0.800000
27445    0.333333
27394    0.714286
27228    0.500000
27221    0.703704
27210    0.500000
27192    0.800000
27186    0.500000
27118    1.000000
26793    0.666667
26693    0.333333
26647    0.684211
26642    0.609375
26453    0.666667
26084    1.000000
25967    0.666667
25670    0.473684
2564     0.708861
25576    0.733333
25568    0.166667
25461    1.000000
25201    0.500000
25200    0.272727
25039    0.500000
24898    0.693333
24761    0.533333
24563    0.545455
24562    0.800000
24518    0.625000
24465    0.333333
24284    0.333333
23979    0.285714
23944    0.333333
23921    0.666667
23621    0.571429
23605    0.714286
23218    0.583333
23154    1.000000
23144    0.714286
22916    0.604167
22867    0.833333
22866    0.703704
22785    0.333333
22531    1.000000
22081    1.000000
22079    0.600000
22061    0.750000
21942    0.705882
21742    1.000000
21563    0.666667
21381    0.615385
21378    0.695935
2133     1.000000
20927    0.666667
2085     1.000000
20824    0.392857
20506    0.333333
20268    1.000000
20222    0.740741
20043    0.733333
20042    1.000000
19891    0.761905
19802    0.733333
19781    0.800000
19748    0.750000
19652    1.000000
1939     0.818182
19278    1.000000
19105    0.500000
19056    0.750000
18935    1.000000
18800    0.090909
18614    0.661972
18570    0.250000
17986    1.000000
17865    0.692308
17701    1.000000
17683    0.500000
17402    0.685637
17367    0.545455
17344    0.650000
17342    0.666667
17341    0.697548
17074    0.461538
16580    0.705882
16561    0.723404
1593     0.763158
15657    0.200000
15656    0.500000
14692    0.250000
14680    1.000000
14559    0.135135
14553    1.000000
14229    0.666667
14189    1.000000
14122    0.777778
13976    0.800000
13968    0.627451
13844    1.000000
13836    0.720930
13736    0.675676
13720    0.533333
13497    1.000000
13364    1.000000
13361    0.734694
12957    1.000000
12888    1.000000
12734    0.500000
12731    0.700000
12380    0.500000
1218     0.558824
11553    0.200000
11528    0.685484
10741    0.333333
10511    0.777778

retailer_id
96     0.613480
95     0.654649
94     0.623693
93     0.599437
92     0.669884
91     0.629393
90     0.623022
9      0.682927
88     0.686106
69     0.624352
55     0.603448
49     0.653563
45     0.650915
35     0.587302
34     0.674699
33     0.711628
32     0.639535
31     0.578616
30     0.586466
29     0.678571
28     0.669251
26     0.488491
25     0.585366
22     0.630556
211    0.601399
210    0.732095
178    0.531353
177    0.657534
176    0.427184
175    0.456522
174    0.712871
173    0.716418
172    0.618297
145    0.639847
141    0.644914
139    0.680769
136    0.436364
133    0.654639
130    0.658163
127    0.631799
124    0.674074
123    0.696078
120    0.652174
119    0.600000
118    0.688525
117    0.660465
116    0.603604
115    0.477612
11     0.525253
10     0.673835

brand_id
99     0.607211
96     0.632124
95     0.660167
90     0.789474
85     0.775000
84     0.641667
83     0.687500
82     0.541667
77     0.639535
76     0.663158
75     0.672065
74     0.646465
71     0.651163
65     0.676647
60     0.574561
58     0.641026
55     0.677165
52     0.656357
49     0.730769
433    1.000000
430    0.625000
429    0.625000
427    0.600000
414    0.666667
412    0.750000
411    0.850000
409    0.714286
404    0.638436
397    0.700000
393    0.352941
387    0.633803
386    0.672727
382    0.633333
381    0.652174
380    0.653226
38     0.762712
379    0.859649
378    0.666667
374    0.658915
373    0.670886
372    0.693878
371    0.558442
37     0.487879
369    1.000000
36     0.698276
35     0.598566
347    0.674603
346    0.677419
345    0.562500
343    0.674419
342    0.546296
341    0.536842
34     0.761905
338    0.540000
337    0.666667
335    0.301587
334    0.391304
333    0.684211
332    0.731481
33     0.567291
329    0.603774
327    0.384615
326    0.543478
325    0.565217
324    0.526316
322    0.607843
321    0.594937
320    0.656250
32     0.615385
311    0.600000
31     0.646465
302    0.500000
293    0.629630
292    0.529412
291    0.687500
290    0.622807
29     0.555556
289    0.578947
286    0.586207
285    0.646154
284    0.421053
283    0.689655
280    0.692913
279    0.731707
277    0.909091
275    0.677419
274    0.666667
272    0.666667
271    0.714286
270    0.692308
267    0.692308
266    0.727273
265    0.622642
264    0.670391
263    0.694737
262    0.650000
261    0.483871
260    0.642857
259    0.644444
257    0.703704
255    0.518519
253    0.727273
251    0.680851
248    0.660194
247    0.523810
246    0.727273
245    0.548387
244    0.653846
243    0.660377
242    0.570370
241    0.685714
240    0.609375
24     0.601660
238    0.653846
237    0.562500
235    0.517241
234    0.702290
233    0.483871
232    0.600000
231    0.750000
228    0.687500
225    1.000000
222    0.793103
221    0.608108
220    0.655738
218    0.426136
217    0.638889
216    0.590909
215    0.694118
214    0.500000
213    0.818182
212    0.598214
21     0.690265
209    0.529412
208    0.888889
205    0.664311
204    0.552941
203    0.590090
202    0.440000
201    0.743590
200    0.587302
20     0.613333
199    0.654762
198    0.625000
197    0.659091
196    0.421687
195    0.687500
194    0.600000
193    0.650000
192    0.750000
190    0.677966
19     0.635359
189    0.665254
187    0.619048
186    0.631579
185    0.491803
184    0.641509
183    0.616915
182    0.626168
181    0.629032
180    0.638889
179    0.663636
178    0.636364
177    0.714286
176    0.728261
175    0.581818
173    0.740741
172    0.625000
171    0.400000
170    0.736364
169    0.469512
167    0.699248
166    0.465909
165    0.716814
164    0.652174
160    0.710145
158    0.652778
157    0.814815
156    0.701923
155    0.666667
154    0.750000
153    0.661972
151    0.629630
150    0.742857
147    0.543210
135    0.641304
132    0.537267
130    0.750000
129    0.637168
128    0.627907
127    0.652893
123    0.674847
116    0.714286
114    0.602041
111    0.598916
108    0.643750

