          group  predict_1 month_year prod_gr_id  predict_total      rate  rate_total
0   2020-08 413       14.0    2020-08        413             24  0.583333         1.0
1   2020-08 426      144.0    2020-08        426            193  0.746114         1.0
2   2020-08 427       51.0    2020-08        427             79  0.645570         1.0
3   2020-09 413      388.0    2020-09        413            649  0.597843         1.0
4   2020-09 426     2480.0    2020-09        426           3968  0.625000         1.0
5   2020-09 427      744.0    2020-09        427           1108  0.671480         1.0
6   2020-10 413     1005.0    2020-10        413           1571  0.639720         1.0
7   2020-10 426     2224.0    2020-10        426           3480  0.639080         1.0
8   2020-10 427      745.0    2020-10        427           1139  0.654083         1.0
9   2020-11 413     1384.0    2020-11        413           2197  0.629950         1.0
10  2020-11 426     2409.0    2020-11        426           3877  0.621357         1.0
11  2020-11 427      695.0    2020-11        427           1025  0.678049         1.0
12  2020-12 426        1.0    2020-12        426              3  0.333333         1.0
            group  predict_1 month_year country_id_n  predict_total      rate  rate_total
0     2020-08 103        1.0    2020-08          103              2  0.500000         1.0
1     2020-08 104        4.0    2020-08          104              5  0.800000         1.0
2     2020-08 105        1.0    2020-08          105              1  1.000000         1.0
3     2020-08 106        1.0    2020-08          106              3  0.333333         1.0
4     2020-08 107        2.0    2020-08          107              2  1.000000         1.0
5     2020-08 108       50.0    2020-08          108             69  0.724638         1.0
6     2020-08 109        1.0    2020-08          109              1  1.000000         1.0
7     2020-08 110       11.0    2020-08          110             16  0.687500         1.0
8     2020-08 113       13.0    2020-08          113             20  0.650000         1.0
9     2020-08 114        9.0    2020-08          114              9  1.000000         1.0
10    2020-08 121      105.0    2020-08          121            135  0.777778         1.0
11    2020-08 126        3.0    2020-08          126              4  0.750000         1.0
12    2020-08 136        1.0    2020-08          136              1  1.000000         1.0
13    2020-08 139        1.0    2020-08          139              1  1.000000         1.0
14    2020-08 160        NaN    2020-08          160              1       NaN         1.0
15    2020-08 176        2.0    2020-08          176              5  0.400000         1.0
16   2020-09 1010       68.0    2020-09         1010             97  0.701031         1.0
17   2020-09 1011       24.0    2020-09         1011             37  0.648649         1.0
18    2020-09 103      192.0    2020-09          103            280  0.685714         1.0
19    2020-09 104      161.0    2020-09          104            228  0.706140         1.0
20    2020-09 105       80.0    2020-09          105            123  0.650407         1.0
21    2020-09 106      115.0    2020-09          106            267  0.430712         1.0
22    2020-09 107       64.0    2020-09          107            107  0.598131         1.0
23    2020-09 108      711.0    2020-09          108           1005  0.707463         1.0
24    2020-09 109       45.0    2020-09          109            111  0.405405         1.0
25    2020-09 110      310.0    2020-09          110            428  0.724299         1.0
26    2020-09 113      109.0    2020-09          113            160  0.681250         1.0
27    2020-09 114      154.0    2020-09          114            210  0.733333         1.0
28    2020-09 116       48.0    2020-09          116             66  0.727273         1.0
29    2020-09 118        NaN    2020-09          118              0       NaN         1.0
30    2020-09 119        NaN    2020-09          119              0       NaN         1.0
31    2020-09 121      984.0    2020-09          121           1526  0.644823         1.0
32    2020-09 126      248.0    2020-09          126            362  0.685083         1.0
33    2020-09 128        NaN    2020-09          128              0       NaN         1.0
34    2020-09 131        NaN    2020-09          131              0       NaN         1.0
35    2020-09 136       12.0    2020-09          136             19  0.631579         1.0
36    2020-09 138        2.0    2020-09          138              5  0.400000         1.0
37    2020-09 139       54.0    2020-09          139             93  0.580645         1.0
38    2020-09 141        NaN    2020-09          141              0       NaN         1.0
39    2020-09 150        NaN    2020-09          150              0       NaN         1.0
40    2020-09 160        7.0    2020-09          160             10  0.700000         1.0
41    2020-09 170        NaN    2020-09          170              0       NaN         1.0
42    2020-09 176       95.0    2020-09          176            153  0.620915         1.0
43    2020-09 177       25.0    2020-09          177             34  0.735294         1.0
44   2020-10 1002        7.0    2020-10         1002              9  0.777778         1.0
45   2020-10 1010       78.0    2020-10         1010            123  0.634146         1.0
46   2020-10 1011       44.0    2020-10         1011             54  0.814815         1.0
47    2020-10 103      176.0    2020-10          103            244  0.721311         1.0
48    2020-10 104      183.0    2020-10          104            240  0.762500         1.0
49    2020-10 105       83.0    2020-10          105            114  0.728070         1.0
50    2020-10 106      108.0    2020-10          106            223  0.484305         1.0
51    2020-10 107       76.0    2020-10          107            113  0.672566         1.0
52    2020-10 108      726.0    2020-10          108           1070  0.678505         1.0
53    2020-10 109       34.0    2020-10          109             73  0.465753         1.0
54    2020-10 110      188.0    2020-10          110            265  0.709434         1.0
55    2020-10 113      388.0    2020-10          113            561  0.691622         1.0
56    2020-10 114      156.0    2020-10          114            221  0.705882         1.0
57    2020-10 116       84.0    2020-10          116            117  0.717949         1.0
58    2020-10 119        NaN    2020-10          119              0       NaN         1.0
59    2020-10 121      875.0    2020-10          121           1328  0.658886         1.0
60    2020-10 124        NaN    2020-10          124              0       NaN         1.0
61    2020-10 126      202.0    2020-10          126            313  0.645367         1.0
62    2020-10 128        NaN    2020-10          128              0       NaN         1.0
63    2020-10 131        NaN    2020-10          131              0       NaN         1.0
64    2020-10 136        5.0    2020-10          136              6  0.833333         1.0
65    2020-10 138        6.0    2020-10          138             10  0.600000         1.0
66    2020-10 139       75.0    2020-10          139            132  0.568182         1.0
67    2020-10 141        NaN    2020-10          141              0       NaN         1.0
68    2020-10 150        NaN    2020-10          150              0       NaN         1.0
69    2020-10 151        NaN    2020-10          151              0       NaN         1.0
70    2020-10 160       17.0    2020-10          160             24  0.708333         1.0
71    2020-10 173        NaN    2020-10          173              0       NaN         1.0
72    2020-10 176      356.0    2020-10          176            535  0.665421         1.0
73    2020-10 177       18.0    2020-10          177             36  0.500000         1.0
74   2020-11 1002        4.0    2020-11         1002              6  0.666667         1.0
75   2020-11 1010      137.0    2020-11         1010            194  0.706186         1.0
76   2020-11 1011       63.0    2020-11         1011             87  0.724138         1.0
77    2020-11 103      258.0    2020-11          103            351  0.735043         1.0
78    2020-11 104      137.0    2020-11          104            215  0.637209         1.0
79    2020-11 105       72.0    2020-11          105            112  0.642857         1.0
80    2020-11 106       89.0    2020-11          106            233  0.381974         1.0
81    2020-11 107       98.0    2020-11          107            134  0.731343         1.0
82    2020-11 108      679.0    2020-11          108            981  0.692151         1.0
83    2020-11 109       65.0    2020-11          109            188  0.345745         1.0
84    2020-11 110      222.0    2020-11          110            334  0.664671         1.0
85    2020-11 113      568.0    2020-11          113            869  0.653625         1.0
86    2020-11 114      157.0    2020-11          114            248  0.633065         1.0
87    2020-11 116      194.0    2020-11          116            282  0.687943         1.0
88    2020-11 119        NaN    2020-11          119              0       NaN         1.0
89    2020-11 120        NaN    2020-11          120              0       NaN         1.0
90    2020-11 121      699.0    2020-11          121           1063  0.657573         1.0
91    2020-11 126      469.0    2020-11          126            670  0.700000         1.0
92    2020-11 136        2.0    2020-11          136              3  0.666667         1.0
93    2020-11 138       58.0    2020-11          138             88  0.659091         1.0
94    2020-11 139      119.0    2020-11          139            212  0.561321         1.0
95    2020-11 141        NaN    2020-11          141              0       NaN         1.0
96    2020-11 150        NaN    2020-11          150              0       NaN         1.0
97    2020-11 160        8.0    2020-11          160             12  0.666667         1.0
98    2020-11 170        NaN    2020-11          170              0       NaN         1.0
99    2020-11 174        NaN    2020-11          174              0       NaN         1.0
100   2020-11 176      226.0    2020-11          176            327  0.691131         1.0
101   2020-11 177       32.0    2020-11          177             40  0.800000         1.0
102   2020-12 114        1.0    2020-12          114              3  0.333333         1.0
          group  predict_1 month_year prod_gr_id  predict_total      rate  rate_total
0   2020-08 413       16.0    2020-08        413             24  0.666667         1.0
1   2020-08 426      165.0    2020-08        426            200  0.825000         1.0
2   2020-08 427       59.0    2020-08        427             79  0.746835         1.0
3   2020-09 413      497.0    2020-09        413            653  0.761103         1.0
4   2020-09 426     2981.0    2020-09        426           4056  0.734961         1.0
5   2020-09 427      828.0    2020-09        427           1114  0.743268         1.0
6   2020-10 413     1187.0    2020-10        413           1585  0.748896         1.0
7   2020-10 426     2651.0    2020-10        426           3545  0.747814         1.0
8   2020-10 427      837.0    2020-10        427           1144  0.731643         1.0
9   2020-11 413     1667.0    2020-11        413           2224  0.749550         1.0
10  2020-11 426     2934.0    2020-11        426           3983  0.736631         1.0
11  2020-11 427      768.0    2020-11        427           1030  0.745631         1.0
12  2020-12 426        2.0    2020-12        426              3  0.666667         1.0
            group  predict_1 month_year country_id_n  predict_total      rate  rate_total
0     2020-08 103        1.0    2020-08          103              2  0.500000         1.0
1     2020-08 104        4.0    2020-08          104              5  0.800000         1.0
2     2020-08 105        1.0    2020-08          105              1  1.000000         1.0
3     2020-08 106        2.0    2020-08          106              3  0.666667         1.0
4     2020-08 107        2.0    2020-08          107              2  1.000000         1.0
5     2020-08 108       51.0    2020-08          108             69  0.739130         1.0
6     2020-08 109        1.0    2020-08          109              1  1.000000         1.0
7     2020-08 110       14.0    2020-08          110             19  0.736842         1.0
8     2020-08 113       15.0    2020-08          113             20  0.750000         1.0
9     2020-08 114        9.0    2020-08          114              9  1.000000         1.0
10    2020-08 121      114.0    2020-08          121            139  0.820144         1.0
11    2020-08 126        4.0    2020-08          126              4  1.000000         1.0
12    2020-08 136        1.0    2020-08          136              1  1.000000         1.0
13    2020-08 139        1.0    2020-08          139              1  1.000000         1.0
14    2020-08 160        NaN    2020-08          160              1       NaN         1.0
15    2020-08 176        2.0    2020-08          176              5  0.400000         1.0
16   2020-09 1010       75.0    2020-09         1010             98  0.765306         1.0
17   2020-09 1011       28.0    2020-09         1011             38  0.736842         1.0
18    2020-09 103      212.0    2020-09          103            281  0.754448         1.0
19    2020-09 104      170.0    2020-09          104            231  0.735931         1.0
20    2020-09 105       88.0    2020-09          105            125  0.704000         1.0
21    2020-09 106      189.0    2020-09          106            267  0.707865         1.0
22    2020-09 107       70.0    2020-09          107            108  0.648148         1.0
23    2020-09 108      748.0    2020-09          108           1010  0.740594         1.0
24    2020-09 109       88.0    2020-09          109            112  0.785714         1.0
25    2020-09 110      352.0    2020-09          110            462  0.761905         1.0
26    2020-09 113      117.0    2020-09          113            160  0.731250         1.0
27    2020-09 114      161.0    2020-09          114            210  0.766667         1.0
28    2020-09 116       57.0    2020-09          116             68  0.838235         1.0
29    2020-09 118        2.0    2020-09          118              3  0.666667         1.0
30    2020-09 119        1.0    2020-09          119              1  1.000000         1.0
31    2020-09 121     1126.0    2020-09          121           1545  0.728803         1.0
32    2020-09 126      264.0    2020-09          126            363  0.727273         1.0
33    2020-09 128        1.0    2020-09          128              1  1.000000         1.0
34    2020-09 131        6.0    2020-09          131              6  1.000000         1.0
35    2020-09 136       12.0    2020-09          136             19  0.631579         1.0
36    2020-09 138        2.0    2020-09          138              5  0.400000         1.0
37    2020-09 139       74.0    2020-09          139             93  0.795699         1.0
38    2020-09 141        NaN    2020-09          141              1       NaN         1.0
39    2020-09 150        2.0    2020-09          150              2  1.000000         1.0
40    2020-09 160        8.0    2020-09          160             10  0.800000         1.0
41    2020-09 170        3.0    2020-09          170              4  0.750000         1.0
42    2020-09 176      114.0    2020-09          176            153  0.745098         1.0
43    2020-09 177       26.0    2020-09          177             34  0.764706         1.0
44   2020-10 1002        8.0    2020-10         1002              9  0.888889         1.0
45   2020-10 1010       92.0    2020-10         1010            124  0.741935         1.0
46   2020-10 1011       48.0    2020-10         1011             54  0.888889         1.0
47    2020-10 103      189.0    2020-10          103            244  0.774590         1.0
48    2020-10 104      187.0    2020-10          104            241  0.775934         1.0
49    2020-10 105       89.0    2020-10          105            114  0.780702         1.0
50    2020-10 106      166.0    2020-10          106            224  0.741071         1.0
51    2020-10 107       84.0    2020-10          107            113  0.743363         1.0
52    2020-10 108      780.0    2020-10          108           1074  0.726257         1.0
53    2020-10 109       58.0    2020-10          109             73  0.794521         1.0
54    2020-10 110      205.0    2020-10          110            279  0.734767         1.0
55    2020-10 113      423.0    2020-10          113            567  0.746032         1.0
56    2020-10 114      172.0    2020-10          114            221  0.778281         1.0
57    2020-10 116       93.0    2020-10          116            127  0.732283         1.0
58    2020-10 119        4.0    2020-10          119              4  1.000000         1.0
59    2020-10 121     1003.0    2020-10          121           1350  0.742963         1.0
60    2020-10 124        NaN    2020-10          124              1       NaN         1.0
61    2020-10 126      222.0    2020-10          126            313  0.709265         1.0
62    2020-10 128        NaN    2020-10          128              1       NaN         1.0
63    2020-10 131        2.0    2020-10          131              4  0.500000         1.0
64    2020-10 136        5.0    2020-10          136              6  0.833333         1.0
65    2020-10 138        7.0    2020-10          138             11  0.636364         1.0
66    2020-10 139      101.0    2020-10          139            132  0.765152         1.0
67    2020-10 141        2.0    2020-10          141              2  1.000000         1.0
68    2020-10 150        2.0    2020-10          150              3  0.666667         1.0
69    2020-10 151        1.0    2020-10          151              1  1.000000         1.0
70    2020-10 160       17.0    2020-10          160             24  0.708333         1.0
71    2020-10 173        NaN    2020-10          173              1       NaN         1.0
72    2020-10 176      394.0    2020-10          176            535  0.736449         1.0
73    2020-10 177       20.0    2020-10          177             36  0.555556         1.0
74   2020-11 1002        4.0    2020-11         1002              6  0.666667         1.0
75   2020-11 1010      149.0    2020-11         1010            194  0.768041         1.0
76   2020-11 1011       67.0    2020-11         1011             87  0.770115         1.0
77    2020-11 103      265.0    2020-11          103            354  0.748588         1.0
78    2020-11 104      146.0    2020-11          104            216  0.675926         1.0
79    2020-11 105       83.0    2020-11          105            112  0.741071         1.0
80    2020-11 106      171.0    2020-11          106            233  0.733906         1.0
81    2020-11 107      103.0    2020-11          107            134  0.768657         1.0
82    2020-11 108      743.0    2020-11          108            984  0.755081         1.0
83    2020-11 109      143.0    2020-11          109            189  0.756614         1.0
84    2020-11 110      260.0    2020-11          110            365  0.712329         1.0
85    2020-11 113      656.0    2020-11          113            873  0.751432         1.0
86    2020-11 114      174.0    2020-11          114            250  0.696000         1.0
87    2020-11 116      224.0    2020-11          116            307  0.729642         1.0
88    2020-11 119        1.0    2020-11          119              2  0.500000         1.0
89    2020-11 120       18.0    2020-11          120             26  0.692308         1.0
90    2020-11 121      778.0    2020-11          121           1076  0.723048         1.0
91    2020-11 126      515.0    2020-11          126            674  0.764095         1.0
92    2020-11 136        3.0    2020-11          136              3  1.000000         1.0
93    2020-11 138       71.0    2020-11          138             88  0.806818         1.0
94    2020-11 139      152.0    2020-11          139            212  0.716981         1.0
95    2020-11 141        5.0    2020-11          141              6  0.833333         1.0
96    2020-11 150        4.0    2020-11          150              5  0.800000         1.0
97    2020-11 160        8.0    2020-11          160             12  0.666667         1.0
98    2020-11 170        1.0    2020-11          170              1  1.000000         1.0
99    2020-11 174        1.0    2020-11          174              1  1.000000         1.0
100   2020-11 176      251.0    2020-11          176            329  0.762918         1.0
101   2020-11 177       32.0    2020-11          177             40  0.800000         1.0
102   2020-12 114        2.0    2020-12          114              3  0.666667         1.0
