0   -0.017166
1   -0.011884
2   -0.005283
3    0.005283
4    0.011884
5    0.017166

0     -1.000000
1     -0.998106
2     -0.998069
3     -0.997372
4     -0.997001
5     -0.996139
6     -0.996124
7     -0.996055
8     -0.996020
9     -0.993671
10    -0.993103
11    -0.993007
12    -0.992568
13    -0.992337
14    -0.986593
15    -0.931408
16    -0.930481
17    -0.069519
18    -0.068592
19    -0.067625
20    -0.067588
21    -0.066891
22    -0.066698
23    -0.066662
24    -0.066520
25    -0.065964
26    -0.065658
27    -0.065643
28    -0.065594
29    -0.065574
30    -0.065539
31    -0.064731
32    -0.064716
33    -0.064647
34    -0.064612
35    -0.063190
36    -0.062622
37    -0.062526
38    -0.062263
39    -0.062087
40    -0.061856
41    -0.061696
42    -0.061599
43    -0.061160
44    -0.060929
45    -0.056111
46    -0.055185
47    -0.013407
48    -0.011514
49    -0.011477
50    -0.010779
51    -0.010409
52    -0.009546
53    -0.009531
54    -0.009463
55    -0.009427
56    -0.007663
57    -0.007432
58    -0.007078
59    -0.006993
60    -0.006897
61    -0.006511
62    -0.006414
63    -0.006329
64    -0.005976
65    -0.005769
66    -0.005745
67    -0.005732
68    -0.005538
69    -0.005501
70    -0.005099
71    -0.005063
72    -0.005035
73    -0.005003
74    -0.004966
75    -0.004804
76    -0.004664
77    -0.004435
78    -0.004433
79    -0.004399
80    -0.004365
81    -0.004268
82    -0.003995
83    -0.003980
84    -0.003945
85    -0.003898
86    -0.003876
87    -0.003861
88    -0.003802
89    -0.003787
90    -0.003718
91    -0.003701
92    -0.003683
93    -0.003571
94    -0.003556
95    -0.003487
96    -0.003452
97    -0.003331
98    -0.003132
99    -0.003117
100   -0.003048
101   -0.003036
102   -0.003021
103   -0.003013
104   -0.002999
105   -0.002952
106   -0.002916
107   -0.002628
108   -0.002468
109   -0.002453
110   -0.002384
111   -0.002349
112   -0.002086
113   -0.002051
114   -0.002050
115   -0.002014
116   -0.001982
117   -0.001967
118   -0.001945
119   -0.001931
120   -0.001894
121   -0.001352
122   -0.001334
123   -0.001317
124   -0.001248
125   -0.001233
126   -0.001105
127   -0.001103
128   -0.001068
129   -0.000982
130   -0.000946
131   -0.000927
132   -0.000877
133   -0.000863
134   -0.000766
135   -0.000734
136   -0.000698
137   -0.000670
138   -0.000664
139   -0.000567
140   -0.000535
141   -0.000439
142   -0.000370
143   -0.000231
144   -0.000119
145   -0.000104
146   -0.000096
147   -0.000084
148   -0.000069
149   -0.000037
150   -0.000035
151   -0.000015
152    0.000015
153    0.000035
154    0.000037
155    0.000069
156    0.000084
157    0.000096
158    0.000104
159    0.000119
160    0.000231
161    0.000370
162    0.000439
163    0.000535
164    0.000567
165    0.000664
166    0.000670
167    0.000698
168    0.000734
169    0.000766
170    0.000863
171    0.000877
172    0.000927
173    0.000946
174    0.000982
175    0.001068
176    0.001103
177    0.001105
178    0.001233
179    0.001248
180    0.001317
181    0.001334
182    0.001352
183    0.001894
184    0.001931
185    0.001945
186    0.001967
187    0.001982
188    0.002014
189    0.002050
190    0.002051
191    0.002086
192    0.002349
193    0.002384
194    0.002453
195    0.002468
196    0.002628
197    0.002916
198    0.002952
199    0.002999
200    0.003013
201    0.003021
202    0.003036
203    0.003048
204    0.003117
205    0.003132
206    0.003331
207    0.003452
208    0.003487
209    0.003556
210    0.003571
211    0.003683
212    0.003701
213    0.003718
214    0.003787
215    0.003802
216    0.003861
217    0.003876
218    0.003898
219    0.003945
220    0.003980
221    0.003995
222    0.004268
223    0.004365
224    0.004399
225    0.004433
226    0.004435
227    0.004664
228    0.004804
229    0.004966
230    0.005003
231    0.005035
232    0.005063
233    0.005099
234    0.005501
235    0.005538
236    0.005732
237    0.005745
238    0.005769
239    0.005976
240    0.006329
241    0.006414
242    0.006511
243    0.006897
244    0.006993
245    0.007078
246    0.007432
247    0.007663
248    0.009427
249    0.009463
250    0.009531
251    0.009546
252    0.010409
253    0.010779
254    0.011477
255    0.011514
256    0.013407
257    0.055185
258    0.056111
259    0.060929
260    0.061160
261    0.061599
262    0.061696
263    0.061856
264    0.062087
265    0.062263
266    0.062526
267    0.062622
268    0.063190
269    0.064612
270    0.064647
271    0.064716
272    0.064731
273    0.065539
274    0.065574
275    0.065594
276    0.065643
277    0.065658
278    0.065964
279    0.066520
280    0.066662
281    0.066698
282    0.066891
283    0.067588
284    0.067625
285    0.068592
286    0.069519
287    0.930481
288    0.931408
289    0.986593
290    0.992337
291    0.992568
292    0.993007
293    0.993103
294    0.993671
295    0.996020
296    0.996055
297    0.996124
298    0.996139
299    0.997001
300    0.997372
301    0.998069
302    0.998106
303    1.000000

Series([], )

0      -1.000000
1      -0.998047
2      -0.997930
3      -0.997602
4      -0.997382
5      -0.996870
6      -0.996732
7      -0.996700
8      -0.996454
9      -0.996144
10     -0.995516
11     -0.995169
12     -0.995098
13     -0.994949
14     -0.994764
15     -0.994545
16     -0.994350
17     -0.994220
18     -0.993506
19     -0.993485
20     -0.993243
21     -0.993197
22     -0.993127
23     -0.990244
24     -0.988235
25     -0.987805
26     -0.986711
27     -0.986532
28     -0.978571
29     -0.969697
30     -0.968944
31     -0.960000
32     -0.937500
33     -0.934272
34     -0.933333
35     -0.929825
36     -0.867647
37     -0.823529
38     -0.821429
39     -0.819475
40     -0.819358
41     -0.819030
42     -0.818811
43     -0.818299
44     -0.818161
45     -0.818128
46     -0.817882
47     -0.817573
48     -0.816944
49     -0.816598
50     -0.816527
51     -0.816378
52     -0.816193
53     -0.815974
54     -0.815779
55     -0.815648
56     -0.814935
57     -0.814914
58     -0.814672
59     -0.814626
60     -0.814556
61     -0.811672
62     -0.809664
63     -0.809233
64     -0.808140
65     -0.807961
66     -0.800000
67     -0.791667
68     -0.791126
69     -0.790373
70     -0.781429
71     -0.758929
72     -0.755701
73     -0.754762
74     -0.751253
75     -0.692308
76     -0.689076
77     -0.644958
78     -0.613095
79     -0.513736
80     -0.307692
81     -0.305739
82     -0.305622
83     -0.305294
84     -0.305075
85     -0.304562
86     -0.304424
87     -0.304392
88     -0.304146
89     -0.303836
90     -0.303208
91     -0.302861
92     -0.302790
93     -0.302642
94     -0.302457
95     -0.302238
96     -0.302043
97     -0.301912
98     -0.301199
99     -0.301178
100    -0.300936
101    -0.300890
102    -0.300819
103    -0.297936
104    -0.295928
105    -0.295497
106    -0.294403
107    -0.294224
108    -0.286264
109    -0.277389
110    -0.276636
111    -0.267692
112    -0.245192
113    -0.241965
114    -0.241026
115    -0.237517
116    -0.208333
117    -0.206380
118    -0.206263
119    -0.205935
120    -0.205716
121    -0.205203
122    -0.205065
123    -0.205033
124    -0.204787
125    -0.204477
126    -0.203849
127    -0.203502
128    -0.203431
129    -0.203283
130    -0.203098
131    -0.202879
132    -0.202684
133    -0.202553
134    -0.201840
135    -0.201819
136    -0.201577
137    -0.201531
138    -0.201460
139    -0.198577
140    -0.196569
141    -0.196138
142    -0.195044
143    -0.194865
144    -0.186905
145    -0.178571
146    -0.178030
147    -0.177277
148    -0.176471
149    -0.175339
150    -0.174517
151    -0.174400
152    -0.174073
153    -0.173853
154    -0.173341
155    -0.173203
156    -0.173170
157    -0.172924
158    -0.172615
159    -0.171986
160    -0.171640
161    -0.171569
162    -0.171420
163    -0.171235
164    -0.171016
165    -0.170821
166    -0.170690
167    -0.169977
168    -0.169956
169    -0.169714
170    -0.169668
171    -0.169598
172    -0.168333
173    -0.166714
174    -0.164706
175    -0.164275
176    -0.163182
177    -0.163003
178    -0.155042
179    -0.146168
180    -0.145833
181    -0.145415
182    -0.142606
183    -0.141667
184    -0.138158
185    -0.136471
186    -0.132353
187    -0.131222
188    -0.130400
189    -0.130283
190    -0.129955
191    -0.129735
192    -0.129223
193    -0.129085
194    -0.129053
195    -0.128807
196    -0.128497
197    -0.127869
198    -0.127522
199    -0.127451
200    -0.127302
201    -0.127117
202    -0.126898
203    -0.126703
204    -0.126573
205    -0.125859
206    -0.125838
207    -0.125596
208    -0.125550
209    -0.125480
210    -0.122597
211    -0.120588
212    -0.120158
213    -0.119064
214    -0.118885
215    -0.113971
216    -0.110924
217    -0.110743
218    -0.109804
219    -0.106295
220    -0.102050
221    -0.101297
222    -0.099359
223    -0.092353
224    -0.075980
225    -0.070175
226    -0.069853
227    -0.068222
228    -0.068105
229    -0.067777
230    -0.067558
231    -0.067046
232    -0.066907
233    -0.066875
234    -0.066667
235    -0.066629
236    -0.066625
237    -0.066319
238    -0.065728
239    -0.065691
240    -0.065686
241    -0.065345
242    -0.065273
243    -0.065125
244    -0.064940
245    -0.064721
246    -0.064714
247    -0.064596
248    -0.064526
249    -0.064395
250    -0.064269
251    -0.064049
252    -0.063775
253    -0.063682
254    -0.063661
255    -0.063657
256    -0.063537
257    -0.063419
258    -0.063399
259    -0.063373
260    -0.063366
261    -0.063330
262    -0.063303
263    -0.063121
264    -0.063110
265    -0.062811
266    -0.062598
267    -0.062500
268    -0.062460
269    -0.062427
270    -0.062182
271    -0.062182
272    -0.062178
273    -0.061872
274    -0.061836
275    -0.061765
276    -0.061616
277    -0.061431
278    -0.061243
279    -0.061212
280    -0.061017
281    -0.060897
282    -0.060886
283    -0.060826
284    -0.060677
285    -0.060547
286    -0.060492
287    -0.060430
288    -0.060419
289    -0.060273
290    -0.060173
291    -0.060152
292    -0.060102
293    -0.060078
294    -0.059947
295    -0.059910
296    -0.059882
297    -0.059864
298    -0.059794
299    -0.059370
300    -0.059234
301    -0.059232
302    -0.059213
303    -0.059200
304    -0.058971
305    -0.058954
306    -0.058925
307    -0.058855
308    -0.058644
309    -0.058411
310    -0.058016
311    -0.057980
312    -0.057669
313    -0.057598
314    -0.057449
315    -0.057264
316    -0.057045
317    -0.056911
318    -0.056886
319    -0.056850
320    -0.056720
321    -0.056707
322    -0.056006
323    -0.055985
324    -0.055972
325    -0.055743
326    -0.055697
327    -0.055627
328    -0.054902
329    -0.054472
330    -0.053963
331    -0.053533
332    -0.053378
333    -0.053199
334    -0.052744
335    -0.052439
336    -0.052260
337    -0.050735
338    -0.050305
339    -0.049211
340    -0.049032
341    -0.048747
342    -0.045238
343    -0.044299
344    -0.044118
345    -0.041071
346    -0.040000
347    -0.039872
348    -0.039120
349    -0.038047
350    -0.037930
351    -0.037602
352    -0.037382
353    -0.036870
354    -0.036732
355    -0.036700
356    -0.036454
357    -0.036364
358    -0.036144
359    -0.035611
360    -0.035516
361    -0.035425
362    -0.035169
363    -0.035098
364    -0.034949
365    -0.034764
366    -0.034672
367    -0.034545
368    -0.034350
369    -0.034220
370    -0.033506
371    -0.033485
372    -0.033243
373    -0.033197
374    -0.033127
375    -0.032197
376    -0.031863
377    -0.031444
378    -0.031056
379    -0.030303
380    -0.030244
381    -0.030175
382    -0.029103
383    -0.028986
384    -0.028658
385    -0.028438
386    -0.028350
387    -0.028235
388    -0.028233
389    -0.027926
390    -0.027905
391    -0.027805
392    -0.027788
393    -0.027756
394    -0.027685
395    -0.027510
396    -0.027200
397    -0.027173
398    -0.027035
399    -0.027003
400    -0.026757
401    -0.026711
402    -0.026667
403    -0.026572
404    -0.026532
405    -0.026447
406    -0.026225
407    -0.026154
408    -0.026005
409    -0.025820
410    -0.025819
411    -0.025728
412    -0.025601
413    -0.025472
414    -0.025406
415    -0.025401
416    -0.025276
417    -0.025253
418    -0.025067
419    -0.024848
420    -0.024653
421    -0.024562
422    -0.024541
423    -0.024523
424    -0.024299
425    -0.024253
426    -0.024183
427    -0.023810
428    -0.023788
429    -0.023546
430    -0.023500
431    -0.023430
432    -0.022500
433    -0.021429
434    -0.021300
435    -0.020547
436    -0.019475
437    -0.019358
438    -0.019291
439    -0.019030
440    -0.018861
441    -0.018811
442    -0.018571
443    -0.018538
444    -0.018299
445    -0.018161
446    -0.018128
447    -0.018108
448    -0.017882
449    -0.017767
450    -0.017588
451    -0.017573
452    -0.017014
453    -0.016944
454    -0.016835
455    -0.016598
456    -0.016527
457    -0.016378
458    -0.016193
459    -0.015974
460    -0.015779
461    -0.015648
462    -0.014935
463    -0.014914
464    -0.014672
465    -0.014626
466    -0.014556
467    -0.013468
468    -0.013289
469    -0.012195
470    -0.011765
471    -0.011672
472    -0.011515
473    -0.011398
474    -0.011336
475    -0.011219
476    -0.011070
477    -0.010891
478    -0.010850
479    -0.010671
480    -0.010338
481    -0.010242
482    -0.010200
483    -0.010168
484    -0.010159
485    -0.010125
486    -0.010021
487    -0.009989
488    -0.009922
489    -0.009812
490    -0.009797
491    -0.009756
492    -0.009743
493    -0.009697
494    -0.009694
495    -0.009664
496    -0.009627
497    -0.009612
498    -0.009577
499    -0.009433
500    -0.009367
501    -0.009233
502    -0.009147
503    -0.009065
504    -0.008984
505    -0.008944
506    -0.008927
507    -0.008895
508    -0.008874
509    -0.008805
510    -0.008649
511    -0.008637
512    -0.008635
513    -0.008566
514    -0.008497
515    -0.008464
516    -0.008458
517    -0.008418
518    -0.008387
519    -0.008339
520    -0.008239
521    -0.008232
522    -0.008219
523    -0.008140
524    -0.008053
525    -0.008013
526    -0.007961
527    -0.007909
528    -0.007834
529    -0.007818
530    -0.007803
531    -0.007711
532    -0.007688
533    -0.007686
534    -0.007675
535    -0.007639
536    -0.007509
537    -0.007364
538    -0.007358
539    -0.007293
540    -0.007280
541    -0.007145
542    -0.007138
543    -0.006975
544    -0.006960
545    -0.006953
546    -0.006934
547    -0.006873
548    -0.006863
549    -0.006803
550    -0.006796
551    -0.006774
552    -0.006757
553    -0.006741
554    -0.006714
555    -0.006711
556    -0.006665
557    -0.006626
558    -0.006595
559    -0.006545
560    -0.006532
561    -0.006529
562    -0.006515
563    -0.006494
564    -0.006488
565    -0.006486
566    -0.006456
567    -0.006416
568    -0.006415
569    -0.006310
570    -0.006210
571    -0.006115
572    -0.005984
573    -0.005900
574    -0.005780
575    -0.005702
576    -0.005680
577    -0.005650
578    -0.005455
579    -0.005438
580    -0.005392
581    -0.005322
582    -0.005272
583    -0.005271
584    -0.005250
585    -0.005236
586    -0.005051
587    -0.005008
588    -0.004962
589    -0.004925
590    -0.004920
591    -0.004902
592    -0.004892
593    -0.004854
594    -0.004850
595    -0.004831
596    -0.004804
597    -0.004802
598    -0.004732
599    -0.004706
600    -0.004686
601    -0.004562
602    -0.004540
603    -0.004520
604    -0.004484
605    -0.004475
606    -0.004448
607    -0.004444
608    -0.004423
609    -0.004405
610    -0.004359
611    -0.004302
612    -0.004255
613    -0.004185
614    -0.004167
615    -0.004139
616    -0.004117
617    -0.004106
618    -0.004095
619    -0.003976
620    -0.003897
621    -0.003876
622    -0.003856
623    -0.003827
624    -0.003743
625    -0.003712
626    -0.003710
627    -0.003697
628    -0.003673
629    -0.003627
630    -0.003605
631    -0.003579
632    -0.003573
633    -0.003546
634    -0.003535
635    -0.003533
636    -0.003509
637    -0.003502
638    -0.003501
639    -0.003489
640    -0.003456
641    -0.003385
642    -0.003384
643    -0.003382
644    -0.003364
645    -0.003327
646    -0.003300
647    -0.003282
648    -0.003268
649    -0.003263
650    -0.003257
651    -0.003252
652    -0.003247
653    -0.003241
654    -0.003228
655    -0.003226
656    -0.003214
657    -0.003211
658    -0.003193
659    -0.003165
660    -0.003163
661    -0.003130
662    -0.003097
663    -0.003056
664    -0.003032
665    -0.003017
666    -0.002999
667    -0.002980
668    -0.002969
669    -0.002953
670    -0.002949
671    -0.002947
672    -0.002947
673    -0.002901
674    -0.002883
675    -0.002878
676    -0.002838
677    -0.002837
678    -0.002832
679    -0.002761
680    -0.002659
681    -0.002652
682    -0.002650
683    -0.002637
684    -0.002618
685    -0.002531
686    -0.002520
687    -0.002512
688    -0.002504
689    -0.002480
690    -0.002439
691    -0.002433
692    -0.002433
693    -0.002414
694    -0.002398
695    -0.002389
696    -0.002382
697    -0.002349
698    -0.002325
699    -0.002318
700    -0.002284
701    -0.002272
702    -0.002234
703    -0.002213
704    -0.002187
705    -0.002154
706    -0.002106
707    -0.002104
708    -0.002086
709    -0.002070
710    -0.002042
711    -0.002030
712    -0.002009
713    -0.002009
714    -0.001972
715    -0.001971
716    -0.001968
717    -0.001953
718    -0.001935
719    -0.001926
720    -0.001924
721    -0.001921
722    -0.001908
723    -0.001903
724    -0.001901
725    -0.001867
726    -0.001855
727    -0.001822
728    -0.001794
729    -0.001786
730    -0.001783
731    -0.001772
732    -0.001752
733    -0.001750
734    -0.001706
735    -0.001703
736    -0.001701
737    -0.001690
738    -0.001684
739    -0.001663
740    -0.001637
741    -0.001634
742    -0.001613
743    -0.001602
744    -0.001599
745    -0.001593
746    -0.001592
747    -0.001567
748    -0.001563
749    -0.001531
750    -0.001524
751    -0.001521
752    -0.001504
753    -0.001476
754    -0.001464
755    -0.001458
756    -0.001443
757    -0.001418
758    -0.001380
759    -0.001356
760    -0.001354
761    -0.001348
762    -0.001347
763    -0.001315
764    -0.001302
765    -0.001296
766    -0.001285
767    -0.001279
768    -0.001273
769    -0.001258
770    -0.001238
771    -0.001230
772    -0.001223
773    -0.001216
774    -0.001198
775    -0.001194
776    -0.001184
777    -0.001177
778    -0.001165
779    -0.001153
780    -0.001148
781    -0.001107
782    -0.001094
783    -0.001093
784    -0.001060
785    -0.001059
786    -0.001046
787    -0.001039
788    -0.001022
789    -0.000976
790    -0.000975
791    -0.000970
792    -0.000949
793    -0.000939
794    -0.000938
795    -0.000928
796    -0.000902
797    -0.000878
798    -0.000870
799    -0.000865
800    -0.000844
801    -0.000819
802    -0.000753
803    -0.000751
804    -0.000748
805    -0.000734
806    -0.000732
807    -0.000730
808    -0.000726
809    -0.000713
810    -0.000683
811    -0.000665
812    -0.000650
813    -0.000628
814    -0.000624
815    -0.000599
816    -0.000588
817    -0.000566
818    -0.000556
819    -0.000553
820    -0.000547
821    -0.000545
822    -0.000512
823    -0.000445
824    -0.000430
825    -0.000418
826    -0.000416
827    -0.000414
828    -0.000405
829    -0.000404
830    -0.000379
831    -0.000358
832    -0.000347
833    -0.000334
834    -0.000328
835    -0.000326
836    -0.000310
837    -0.000309
838    -0.000288
839    -0.000278
840    -0.000263
841    -0.000246
842    -0.000242
843    -0.000220
844    -0.000220
845    -0.000219
846    -0.000195
847    -0.000185
848    -0.000179
849    -0.000170
850    -0.000149
851    -0.000138
852    -0.000131
853    -0.000117
854    -0.000116
855    -0.000071
856    -0.000070
857    -0.000046
858    -0.000032
859    -0.000021
860     0.000021
861     0.000032
862     0.000046
863     0.000070
864     0.000071
865     0.000116
866     0.000117
867     0.000131
868     0.000138
869     0.000149
870     0.000170
871     0.000179
872     0.000185
873     0.000195
874     0.000219
875     0.000220
876     0.000220
877     0.000242
878     0.000246
879     0.000263
880     0.000278
881     0.000288
882     0.000309
883     0.000310
884     0.000326
885     0.000328
886     0.000334
887     0.000347
888     0.000358
889     0.000379
890     0.000404
891     0.000405
892     0.000414
893     0.000416
894     0.000418
895     0.000430
896     0.000445
897     0.000512
898     0.000545
899     0.000547
900     0.000553
901     0.000556
902     0.000566
903     0.000588
904     0.000599
905     0.000624
906     0.000628
907     0.000650
908     0.000665
909     0.000683
910     0.000713
911     0.000726
912     0.000730
913     0.000732
914     0.000734
915     0.000748
916     0.000751
917     0.000753
918     0.000819
919     0.000844
920     0.000865
921     0.000870
922     0.000878
923     0.000902
924     0.000928
925     0.000938
926     0.000939
927     0.000949
928     0.000970
929     0.000975
930     0.000976
931     0.001022
932     0.001039
933     0.001046
934     0.001059
935     0.001060
936     0.001093
937     0.001094
938     0.001107
939     0.001148
940     0.001153
941     0.001165
942     0.001177
943     0.001184
944     0.001194
945     0.001198
946     0.001216
947     0.001223
948     0.001230
949     0.001238
950     0.001258
951     0.001273
952     0.001279
953     0.001285
954     0.001296
955     0.001302
956     0.001315
957     0.001347
958     0.001348
959     0.001354
960     0.001356
961     0.001380
962     0.001418
963     0.001443
964     0.001458
965     0.001464
966     0.001476
967     0.001504
968     0.001521
969     0.001524
970     0.001531
971     0.001563
972     0.001567
973     0.001592
974     0.001593
975     0.001599
976     0.001602
977     0.001613
978     0.001634
979     0.001637
980     0.001663
981     0.001684
982     0.001690
983     0.001701
984     0.001703
985     0.001706
986     0.001750
987     0.001752
988     0.001772
989     0.001783
990     0.001786
991     0.001794
992     0.001822
993     0.001855
994     0.001867
995     0.001901
996     0.001903
997     0.001908
998     0.001921
999     0.001924
1000    0.001926
1001    0.001935
1002    0.001953
1003    0.001968
1004    0.001971
1005    0.001972
1006    0.002009
1007    0.002009
1008    0.002030
1009    0.002042
1010    0.002070
1011    0.002086
1012    0.002104
1013    0.002106
1014    0.002154
1015    0.002187
1016    0.002213
1017    0.002234
1018    0.002272
1019    0.002284
1020    0.002318
1021    0.002325
1022    0.002349
1023    0.002382
1024    0.002389
1025    0.002398
1026    0.002414
1027    0.002433
1028    0.002433
1029    0.002439
1030    0.002480
1031    0.002504
1032    0.002512
1033    0.002520
1034    0.002531
1035    0.002618
1036    0.002637
1037    0.002650
1038    0.002652
1039    0.002659
1040    0.002761
1041    0.002832
1042    0.002837
1043    0.002838
1044    0.002878
1045    0.002883
1046    0.002901
1047    0.002947
1048    0.002947
1049    0.002949
1050    0.002953
1051    0.002969
1052    0.002980
1053    0.002999
1054    0.003017
1055    0.003032
1056    0.003056
1057    0.003097
1058    0.003130
1059    0.003163
1060    0.003165
1061    0.003193
1062    0.003211
1063    0.003214
1064    0.003226
1065    0.003228
1066    0.003241
1067    0.003247
1068    0.003252
1069    0.003257
1070    0.003263
1071    0.003268
1072    0.003282
1073    0.003300
1074    0.003327
1075    0.003364
1076    0.003382
1077    0.003384
1078    0.003385
1079    0.003456
1080    0.003489
1081    0.003501
1082    0.003502
1083    0.003509
1084    0.003533
1085    0.003535
1086    0.003546
1087    0.003573
1088    0.003579
1089    0.003605
1090    0.003627
1091    0.003673
1092    0.003697
1093    0.003710
1094    0.003712
1095    0.003743
1096    0.003827
1097    0.003856
1098    0.003876
1099    0.003897
1100    0.003976
1101    0.004095
1102    0.004106
1103    0.004117
1104    0.004139
1105    0.004167
1106    0.004185
1107    0.004255
1108    0.004302
1109    0.004359
1110    0.004405
1111    0.004423
1112    0.004444
1113    0.004448
1114    0.004475
1115    0.004484
1116    0.004520
1117    0.004540
1118    0.004562
1119    0.004686
1120    0.004706
1121    0.004732
1122    0.004802
1123    0.004804
1124    0.004831
1125    0.004850
1126    0.004854
1127    0.004892
1128    0.004902
1129    0.004920
1130    0.004925
1131    0.004962
1132    0.005008
1133    0.005051
1134    0.005236
1135    0.005250
1136    0.005271
1137    0.005272
1138    0.005322
1139    0.005392
1140    0.005438
1141    0.005455
1142    0.005650
1143    0.005680
1144    0.005702
1145    0.005780
1146    0.005900
1147    0.005984
1148    0.006115
1149    0.006210
1150    0.006310
1151    0.006415
1152    0.006416
1153    0.006456
1154    0.006486
1155    0.006488
1156    0.006494
1157    0.006515
1158    0.006529
1159    0.006532
1160    0.006545
1161    0.006595
1162    0.006626
1163    0.006665
1164    0.006711
1165    0.006714
1166    0.006741
1167    0.006757
1168    0.006774
1169    0.006796
1170    0.006803
1171    0.006863
1172    0.006873
1173    0.006934
1174    0.006953
1175    0.006960
1176    0.006975
1177    0.007138
1178    0.007145
1179    0.007280
1180    0.007293
1181    0.007358
1182    0.007364
1183    0.007509
1184    0.007639
1185    0.007675
1186    0.007686
1187    0.007688
1188    0.007711
1189    0.007803
1190    0.007818
1191    0.007834
1192    0.007909
1193    0.007961
1194    0.008013
1195    0.008053
1196    0.008140
1197    0.008219
1198    0.008232
1199    0.008239
1200    0.008339
1201    0.008387
1202    0.008418
1203    0.008458
1204    0.008464
1205    0.008497
1206    0.008566
1207    0.008635
1208    0.008637
1209    0.008649
1210    0.008805
1211    0.008874
1212    0.008895
1213    0.008927
1214    0.008944
1215    0.008984
1216    0.009065
1217    0.009147
1218    0.009233
1219    0.009367
1220    0.009433
1221    0.009577
1222    0.009612
1223    0.009627
1224    0.009664
1225    0.009694
1226    0.009697
1227    0.009743
1228    0.009756
1229    0.009797
1230    0.009812
1231    0.009922
1232    0.009989
1233    0.010021
1234    0.010125
1235    0.010159
1236    0.010168
1237    0.010200
1238    0.010242
1239    0.010338
1240    0.010671
1241    0.010850
1242    0.010891
1243    0.011070
1244    0.011219
1245    0.011336
1246    0.011398
1247    0.011515
1248    0.011672
1249    0.011765
1250    0.012195
1251    0.013289
1252    0.013468
1253    0.014556
1254    0.014626
1255    0.014672
1256    0.014914
1257    0.014935
1258    0.015648
1259    0.015779
1260    0.015974
1261    0.016193
1262    0.016378
1263    0.016527
1264    0.016598
1265    0.016835
1266    0.016944
1267    0.017014
1268    0.017573
1269    0.017588
1270    0.017767
1271    0.017882
1272    0.018108
1273    0.018128
1274    0.018161
1275    0.018299
1276    0.018538
1277    0.018571
1278    0.018811
1279    0.018861
1280    0.019030
1281    0.019291
1282    0.019358
1283    0.019475
1284    0.020547
1285    0.021300
1286    0.021429
1287    0.022500
1288    0.023430
1289    0.023500
1290    0.023546
1291    0.023788
1292    0.023810
1293    0.024183
1294    0.024253
1295    0.024299
1296    0.024523
1297    0.024541
1298    0.024562
1299    0.024653
1300    0.024848
1301    0.025067
1302    0.025253
1303    0.025276
1304    0.025401
1305    0.025406
1306    0.025472
1307    0.025601
1308    0.025728
1309    0.025819
1310    0.025820
1311    0.026005
1312    0.026154
1313    0.026225
1314    0.026447
1315    0.026532
1316    0.026572
1317    0.026667
1318    0.026711
1319    0.026757
1320    0.027003
1321    0.027035
1322    0.027173
1323    0.027200
1324    0.027510
1325    0.027685
1326    0.027756
1327    0.027788
1328    0.027805
1329    0.027905
1330    0.027926
1331    0.028233
1332    0.028235
1333    0.028350
1334    0.028438
1335    0.028658
1336    0.028986
1337    0.029103
1338    0.030175
1339    0.030244
1340    0.030303
1341    0.031056
1342    0.031444
1343    0.031863
1344    0.032197
1345    0.033127
1346    0.033197
1347    0.033243
1348    0.033485
1349    0.033506
1350    0.034220
1351    0.034350
1352    0.034545
1353    0.034672
1354    0.034764
1355    0.034949
1356    0.035098
1357    0.035169
1358    0.035425
1359    0.035516
1360    0.035611
1361    0.036144
1362    0.036364
1363    0.036454
1364    0.036700
1365    0.036732
1366    0.036870
1367    0.037382
1368    0.037602
1369    0.037930
1370    0.038047
1371    0.039120
1372    0.039872
1373    0.040000
1374    0.041071
1375    0.044118
1376    0.044299
1377    0.045238
1378    0.048747
1379    0.049032
1380    0.049211
1381    0.050305
1382    0.050735
1383    0.052260
1384    0.052439
1385    0.052744
1386    0.053199
1387    0.053378
1388    0.053533
1389    0.053963
1390    0.054472
1391    0.054902
1392    0.055627
1393    0.055697
1394    0.055743
1395    0.055972
1396    0.055985
1397    0.056006
1398    0.056707
1399    0.056720
1400    0.056850
1401    0.056886
1402    0.056911
1403    0.057045
1404    0.057264
1405    0.057449
1406    0.057598
1407    0.057669
1408    0.057980
1409    0.058016
1410    0.058411
1411    0.058644
1412    0.058855
1413    0.058925
1414    0.058954
1415    0.058971
1416    0.059200
1417    0.059213
1418    0.059232
1419    0.059234
1420    0.059370
1421    0.059794
1422    0.059864
1423    0.059882
1424    0.059910
1425    0.059947
1426    0.060078
1427    0.060102
1428    0.060152
1429    0.060173
1430    0.060273
1431    0.060419
1432    0.060430
1433    0.060492
1434    0.060547
1435    0.060677
1436    0.060826
1437    0.060886
1438    0.060897
1439    0.061017
1440    0.061212
1441    0.061243
1442    0.061431
1443    0.061616
1444    0.061765
1445    0.061836
1446    0.061872
1447    0.062178
1448    0.062182
1449    0.062182
1450    0.062427
1451    0.062460
1452    0.062500
1453    0.062598
1454    0.062811
1455    0.063110
1456    0.063121
1457    0.063303
1458    0.063330
1459    0.063366
1460    0.063373
1461    0.063399
1462    0.063419
1463    0.063537
1464    0.063657
1465    0.063661
1466    0.063682
1467    0.063775
1468    0.064049
1469    0.064269
1470    0.064395
1471    0.064526
1472    0.064596
1473    0.064714
1474    0.064721
1475    0.064940
1476    0.065125
1477    0.065273
1478    0.065345
1479    0.065686
1480    0.065691
1481    0.065728
1482    0.066319
1483    0.066625
1484    0.066629
1485    0.066667
1486    0.066875
1487    0.066907
1488    0.067046
1489    0.067558
1490    0.067777
1491    0.068105
1492    0.068222
1493    0.069853
1494    0.070175
1495    0.075980
1496    0.092353
1497    0.099359
1498    0.101297
1499    0.102050
1500    0.106295
1501    0.109804
1502    0.110743
1503    0.110924
1504    0.113971
1505    0.118885
1506    0.119064
1507    0.120158
1508    0.120588
1509    0.122597
1510    0.125480
1511    0.125550
1512    0.125596
1513    0.125838
1514    0.125859
1515    0.126573
1516    0.126703
1517    0.126898
1518    0.127117
1519    0.127302
1520    0.127451
1521    0.127522
1522    0.127869
1523    0.128497
1524    0.128807
1525    0.129053
1526    0.129085
1527    0.129223
1528    0.129735
1529    0.129955
1530    0.130283
1531    0.130400
1532    0.131222
1533    0.132353
1534    0.136471
1535    0.138158
1536    0.141667
1537    0.142606
1538    0.145415
1539    0.145833
1540    0.146168
1541    0.155042
1542    0.163003
1543    0.163182
1544    0.164275
1545    0.164706
1546    0.166714
1547    0.168333
1548    0.169598
1549    0.169668
1550    0.169714
1551    0.169956
1552    0.169977
1553    0.170690
1554    0.170821
1555    0.171016
1556    0.171235
1557    0.171420
1558    0.171569
1559    0.171640
1560    0.171986
1561    0.172615
1562    0.172924
1563    0.173170
1564    0.173203
1565    0.173341
1566    0.173853
1567    0.174073
1568    0.174400
1569    0.174517
1570    0.175339
1571    0.176471
1572    0.177277
1573    0.178030
1574    0.178571
1575    0.186905
1576    0.194865
1577    0.195044
1578    0.196138
1579    0.196569
1580    0.198577
1581    0.201460
1582    0.201531
1583    0.201577
1584    0.201819
1585    0.201840
1586    0.202553
1587    0.202684
1588    0.202879
1589    0.203098
1590    0.203283
1591    0.203431
1592    0.203502
1593    0.203849
1594    0.204477
1595    0.204787
1596    0.205033
1597    0.205065
1598    0.205203
1599    0.205716
1600    0.205935
1601    0.206263
1602    0.206380
1603    0.208333
1604    0.237517
1605    0.241026
1606    0.241965
1607    0.245192
1608    0.267692
1609    0.276636
1610    0.277389
1611    0.286264
1612    0.294224
1613    0.294403
1614    0.295497
1615    0.295928
1616    0.297936
1617    0.300819
1618    0.300890
1619    0.300936
1620    0.301178
1621    0.301199
1622    0.301912
1623    0.302043
1624    0.302238
1625    0.302457
1626    0.302642
1627    0.302790
1628    0.302861
1629    0.303208
1630    0.303836
1631    0.304146
1632    0.304392
1633    0.304424
1634    0.304562
1635    0.305075
1636    0.305294
1637    0.305622
1638    0.305739
1639    0.307692
1640    0.513736
1641    0.613095
1642    0.644958
1643    0.689076
1644    0.692308
1645    0.751253
1646    0.754762
1647    0.755701
1648    0.758929
1649    0.781429
1650    0.790373
1651    0.791126
1652    0.791667
1653    0.800000
1654    0.807961
1655    0.808140
1656    0.809233
1657    0.809664
1658    0.811672
1659    0.814556
1660    0.814626
1661    0.814672
1662    0.814914
1663    0.814935
1664    0.815648
1665    0.815779
1666    0.815974
1667    0.816193
1668    0.816378
1669    0.816527
1670    0.816598
1671    0.816944
1672    0.817573
1673    0.817882
1674    0.818128
1675    0.818161
1676    0.818299
1677    0.818811
1678    0.819030
1679    0.819358
1680    0.819475
1681    0.821429
1682    0.823529
1683    0.867647
1684    0.929825
1685    0.933333
1686    0.934272
1687    0.937500
1688    0.960000
1689    0.968944
1690    0.969697
1691    0.978571
1692    0.986532
1693    0.986711
1694    0.987805
1695    0.988235
1696    0.990244
1697    0.993127
1698    0.993197
1699    0.993243
1700    0.993485
1701    0.993506
1702    0.994220
1703    0.994350
1704    0.994545
1705    0.994764
1706    0.994949
1707    0.995098
1708    0.995169
1709    0.995516
1710    0.996144
1711    0.996454
1712    0.996700
1713    0.996732
1714    0.996870
1715    0.997382
1716    0.997602
1717    0.997930
1718    0.998047
1719    1.000000

0      -1.000000
1      -0.996324
2      -0.996000
3      -0.995781
4      -0.995455
5      -0.995192
6      -0.994792
7      -0.994350
8      -0.993750
9      -0.992958
10     -0.992701
11     -0.992674
12     -0.991803
13     -0.991667
14     -0.991031
15     -0.990826
16     -0.989011
17     -0.988889
18     -0.988764
19     -0.988701
20     -0.985507
21     -0.984211
22     -0.984127
23     -0.983264
24     -0.981818
25     -0.980000
26     -0.979592
27     -0.977778
28     -0.976744
29     -0.974359
30     -0.972222
31     -0.969697
32     -0.969231
33     -0.968750
34     -0.967742
35     -0.956522
36     -0.953488
37     -0.950000
38     -0.949367
39     -0.937500
40     -0.913043
41     -0.900000
42     -0.896440
43     -0.888889
44     -0.886076
45     -0.875000
46     -0.869565
47     -0.858974
48     -0.833333
49     -0.829657
50     -0.829333
51     -0.829114
52     -0.828788
53     -0.828526
54     -0.828125
55     -0.827684
56     -0.827083
57     -0.826291
58     -0.826034
59     -0.826007
60     -0.825137
61     -0.825000
62     -0.824365
63     -0.824159
64     -0.823529
65     -0.822344
66     -0.822222
67     -0.822097
68     -0.822034
69     -0.818841
70     -0.817544
71     -0.817460
72     -0.816597
73     -0.815152
74     -0.813333
75     -0.812925
76     -0.812500
77     -0.811111
78     -0.810078
79     -0.807692
80     -0.805556
81     -0.803030
82     -0.802564
83     -0.802083
84     -0.801075
85     -0.800000
86     -0.789855
87     -0.786822
88     -0.783333
89     -0.782700
90     -0.771429
91     -0.770833
92     -0.767752
93     -0.767429
94     -0.767209
95     -0.766883
96     -0.766621
97     -0.766220
98     -0.765779
99     -0.765179
100    -0.764386
101    -0.764129
102    -0.764103
103    -0.763232
104    -0.763095
105    -0.762460
106    -0.762254
107    -0.760440
108    -0.760317
109    -0.760193
110    -0.760129
111    -0.756936
112    -0.755639
113    -0.755556
114    -0.754692
115    -0.753247
116    -0.751429
117    -0.751020
118    -0.749206
119    -0.748173
120    -0.746377
121    -0.745788
122    -0.743651
123    -0.742857
124    -0.741126
125    -0.740659
126    -0.740179
127    -0.739171
128    -0.733333
129    -0.729773
130    -0.727950
131    -0.724917
132    -0.722222
133    -0.721429
134    -0.720796
135    -0.719409
136    -0.708929
137    -0.708333
138    -0.702899
139    -0.692308
140    -0.684472
141    -0.671429
142    -0.667869
143    -0.660317
144    -0.657505
145    -0.656863
146    -0.646429
147    -0.645833
148    -0.640994
149    -0.634146
150    -0.633333
151    -0.630403
152    -0.594958
153    -0.583929
154    -0.576190
155    -0.571429
156    -0.571429
157    -0.514286
158    -0.467480
159    -0.428571
160    -0.424895
161    -0.424571
162    -0.424352
163    -0.424026
164    -0.423764
165    -0.423363
166    -0.422922
167    -0.422321
168    -0.421529
169    -0.421272
170    -0.421245
171    -0.420375
172    -0.420238
173    -0.419603
174    -0.419397
175    -0.417582
176    -0.417460
177    -0.417335
178    -0.417272
179    -0.414079
180    -0.412782
181    -0.412698
182    -0.411835
183    -0.410390
184    -0.408571
185    -0.408163
186    -0.406349
187    -0.405575
188    -0.405316
189    -0.404762
190    -0.402930
191    -0.400794
192    -0.398268
193    -0.397802
194    -0.397321
195    -0.396313
196    -0.385093
197    -0.382060
198    -0.378571
199    -0.377939
200    -0.366071
201    -0.365854
202    -0.362177
203    -0.361854
204    -0.361634
205    -0.361308
206    -0.361046
207    -0.360645
208    -0.360204
209    -0.359604
210    -0.358811
211    -0.358554
212    -0.358528
213    -0.357657
214    -0.357520
215    -0.356885
216    -0.356679
217    -0.354865
218    -0.354743
219    -0.354618
220    -0.354554
221    -0.351361
222    -0.350064
223    -0.349981
224    -0.349117
225    -0.347672
226    -0.345854
227    -0.345445
228    -0.343631
229    -0.342857
230    -0.342598
231    -0.341615
232    -0.340213
233    -0.338076
234    -0.335551
235    -0.335084
236    -0.334604
237    -0.333596
238    -0.328571
239    -0.325012
240    -0.322375
241    -0.319342
242    -0.317460
243    -0.315854
244    -0.315221
245    -0.314647
246    -0.303571
247    -0.303354
248    -0.298137
249    -0.287546
250    -0.278897
251    -0.265854
252    -0.262294
253    -0.257143
254    -0.254743
255    -0.253466
256    -0.253143
257    -0.252923
258    -0.252597
259    -0.252335
260    -0.252101
261    -0.251935
262    -0.251930
263    -0.251493
264    -0.250893
265    -0.250101
266    -0.249844
267    -0.249817
268    -0.248946
269    -0.248810
270    -0.248174
271    -0.247969
272    -0.246154
273    -0.246032
274    -0.245907
275    -0.245843
276    -0.242650
277    -0.241353
278    -0.241270
279    -0.241071
280    -0.240854
281    -0.240406
282    -0.238961
283    -0.237143
284    -0.236735
285    -0.235419
286    -0.234921
287    -0.233887
288    -0.231502
289    -0.229365
290    -0.228571
291    -0.228571
292    -0.226840
293    -0.226374
294    -0.225893
295    -0.224885
296    -0.224828
297    -0.213665
298    -0.210631
299    -0.207143
300    -0.206510
301    -0.200000
302    -0.196324
303    -0.196000
304    -0.195781
305    -0.195455
306    -0.195192
307    -0.194792
308    -0.194643
309    -0.194350
310    -0.193750
311    -0.192958
312    -0.192701
313    -0.192674
314    -0.191803
315    -0.191667
316    -0.191031
317    -0.190826
318    -0.189383
319    -0.189011
320    -0.188889
321    -0.188764
322    -0.188701
323    -0.187500
324    -0.185507
325    -0.184211
326    -0.184127
327    -0.183824
328    -0.183500
329    -0.183281
330    -0.183264
331    -0.182955
332    -0.182692
333    -0.182292
334    -0.181850
335    -0.181818
336    -0.181250
337    -0.180458
338    -0.180201
339    -0.180174
340    -0.180000
341    -0.179592
342    -0.179303
343    -0.179167
344    -0.178531
345    -0.178354
346    -0.178326
347    -0.177778
348    -0.176744
349    -0.176511
350    -0.176471
351    -0.176389
352    -0.176264
353    -0.176201
354    -0.174359
355    -0.173007
356    -0.172794
357    -0.172471
358    -0.172251
359    -0.172222
360    -0.171925
361    -0.171711
362    -0.171663
363    -0.171627
364    -0.171429
365    -0.171262
366    -0.170821
367    -0.170764
368    -0.170221
369    -0.170186
370    -0.169697
371    -0.169428
372    -0.169318
373    -0.169231
374    -0.169171
375    -0.169145
376    -0.168750
377    -0.168274
378    -0.168137
379    -0.167742
380    -0.167502
381    -0.167500
382    -0.167296
383    -0.167092
384    -0.166667
385    -0.165854
386    -0.165482
387    -0.165359
388    -0.165278
389    -0.165235
390    -0.165171
391    -0.164244
392    -0.161978
393    -0.161859
394    -0.160681
395    -0.160598
396    -0.159734
397    -0.159722
398    -0.158289
399    -0.157197
400    -0.157143
401    -0.156731
402    -0.156522
403    -0.156471
404    -0.156250
405    -0.156062
406    -0.155242
407    -0.154248
408    -0.153583
409    -0.153488
410    -0.153215
411    -0.150830
412    -0.150000
413    -0.149367
414    -0.148693
415    -0.146168
416    -0.146032
417    -0.145701
418    -0.145221
419    -0.144213
420    -0.144022
421    -0.143219
422    -0.141026
423    -0.140988
424    -0.137500
425    -0.137349
426    -0.137026
427    -0.136867
428    -0.136806
429    -0.136480
430    -0.136218
431    -0.135817
432    -0.135376
433    -0.134776
434    -0.133983
435    -0.133726
436    -0.133700
437    -0.132992
438    -0.132829
439    -0.132692
440    -0.132143
441    -0.132057
442    -0.131851
443    -0.130435
444    -0.130037
445    -0.129959
446    -0.129915
447    -0.129790
448    -0.129726
449    -0.126758
450    -0.126708
451    -0.126533
452    -0.126471
453    -0.126435
454    -0.126215
455    -0.125889
456    -0.125838
457    -0.125627
458    -0.125236
459    -0.125226
460    -0.125153
461    -0.125000
462    -0.124785
463    -0.124289
464    -0.124185
465    -0.123393
466    -0.123136
467    -0.123109
468    -0.122844
469    -0.122238
470    -0.122101
471    -0.121466
472    -0.121324
473    -0.121260
474    -0.121026
475    -0.121000
476    -0.120781
477    -0.120617
478    -0.120455
479    -0.120192
480    -0.119792
481    -0.119446
482    -0.119350
483    -0.119324
484    -0.119199
485    -0.119135
486    -0.118803
487    -0.118750
488    -0.117958
489    -0.117770
490    -0.117701
491    -0.117674
492    -0.116803
493    -0.116667
494    -0.116117
495    -0.116031
496    -0.115942
497    -0.115826
498    -0.115385
499    -0.114645
500    -0.114562
501    -0.114011
502    -0.113971
503    -0.113924
504    -0.113889
505    -0.113764
506    -0.113701
507    -0.113698
508    -0.113248
509    -0.113043
510    -0.112253
511    -0.111111
512    -0.110723
513    -0.110507
514    -0.110435
515    -0.110256
516    -0.110248
517    -0.110027
518    -0.109924
519    -0.109776
520    -0.109705
521    -0.109379
522    -0.109211
523    -0.109127
524    -0.109116
525    -0.108768
526    -0.108716
527    -0.108711
528    -0.108274
529    -0.108264
530    -0.108213
531    -0.107674
532    -0.107435
533    -0.107179
534    -0.107111
535    -0.106892
536    -0.106882
537    -0.106818
538    -0.106625
539    -0.106598
540    -0.106566
541    -0.106303
542    -0.105903
543    -0.105727
544    -0.105591
545    -0.105461
546    -0.105000
547    -0.104955
548    -0.104861
549    -0.104794
550    -0.104750
551    -0.104592
552    -0.104069
553    -0.103812
554    -0.103785
555    -0.103560
556    -0.102935
557    -0.102914
558    -0.102813
559    -0.102778
560    -0.102778
561    -0.102688
562    -0.102657
563    -0.102625
564    -0.102143
565    -0.101937
566    -0.101744
567    -0.100543
568    -0.100132
569    -0.100122
570    -0.100000
571    -0.100000
572    -0.099883
573    -0.099875
574    -0.099812
575    -0.099666
576    -0.099560
577    -0.099431
578    -0.099359
579    -0.099340
580    -0.099185
581    -0.099014
582    -0.098752
583    -0.098352
584    -0.098177
585    -0.098135
586    -0.098051
587    -0.097910
588    -0.097547
589    -0.097310
590    -0.097222
591    -0.097188
592    -0.096618
593    -0.096518
594    -0.096440
595    -0.096324
596    -0.096261
597    -0.096234
598    -0.096000
599    -0.095781
600    -0.095742
601    -0.095455
602    -0.095363
603    -0.095322
604    -0.095238
605    -0.095227
606    -0.095192
607    -0.094792
608    -0.094697
609    -0.094591
610    -0.094514
611    -0.094386
612    -0.094375
613    -0.094350
614    -0.094231
615    -0.093924
616    -0.093750
617    -0.093516
618    -0.092958
619    -0.092929
620    -0.092742
621    -0.092701
622    -0.092674
623    -0.092571
624    -0.092449
625    -0.092324
626    -0.092260
627    -0.091803
628    -0.091702
629    -0.091667
630    -0.091111
631    -0.091031
632    -0.091026
633    -0.090826
634    -0.090703
635    -0.090668
636    -0.090393
637    -0.089514
638    -0.089067
639    -0.089011
640    -0.088889
641    -0.088889
642    -0.088764
643    -0.088701
644    -0.088283
645    -0.087855
646    -0.087770
647    -0.087687
648    -0.087500
649    -0.086957
650    -0.086823
651    -0.086146
652    -0.086076
653    -0.085507
654    -0.085470
655    -0.085378
656    -0.084211
657    -0.084127
658    -0.083940
659    -0.083923
660    -0.083621
661    -0.083560
662    -0.083333
663    -0.083280
664    -0.083264
665    -0.083155
666    -0.083152
667    -0.082957
668    -0.082737
669    -0.082674
670    -0.082411
671    -0.082149
672    -0.081818
673    -0.081748
674    -0.081666
675    -0.081522
676    -0.081338
677    -0.081307
678    -0.080808
679    -0.080707
680    -0.080672
681    -0.080435
682    -0.080342
683    -0.080304
684    -0.080000
685    -0.079914
686    -0.079861
687    -0.079802
688    -0.079657
689    -0.079631
690    -0.079592
691    -0.078853
692    -0.078760
693    -0.078623
694    -0.078526
695    -0.078488
696    -0.077988
697    -0.077919
698    -0.077782
699    -0.077778
700    -0.076744
701    -0.076471
702    -0.076389
703    -0.075968
704    -0.075845
705    -0.075782
706    -0.075721
707    -0.075657
708    -0.075000
709    -0.074367
710    -0.074359
711    -0.073576
712    -0.073257
713    -0.072911
714    -0.072791
715    -0.072464
716    -0.072310
717    -0.072222
718    -0.071302
719    -0.071167
720    -0.071084
721    -0.070446
722    -0.070220
723    -0.069697
724    -0.069643
725    -0.069565
726    -0.069231
727    -0.068775
728    -0.068750
729    -0.067935
730    -0.067742
731    -0.067633
732    -0.067412
733    -0.066957
734    -0.066548
735    -0.065359
736    -0.064734
737    -0.064599
738    -0.063924
739    -0.063701
740    -0.063291
741    -0.062718
742    -0.062547
743    -0.062500
744    -0.061905
745    -0.061315
746    -0.061111
747    -0.060478
748    -0.060082
749    -0.059179
750    -0.058974
751    -0.058824
752    -0.058500
753    -0.058281
754    -0.057955
755    -0.057692
756    -0.057292
757    -0.057143
758    -0.057065
759    -0.057048
760    -0.056850
761    -0.056653
762    -0.056522
763    -0.056250
764    -0.056187
765    -0.055707
766    -0.055458
767    -0.055201
768    -0.055174
769    -0.054698
770    -0.054303
771    -0.054167
772    -0.054069
773    -0.053560
774    -0.053531
775    -0.053488
776    -0.053326
777    -0.052927
778    -0.051511
779    -0.051471
780    -0.051424
781    -0.051389
782    -0.051264
783    -0.051201
784    -0.050633
785    -0.050000
786    -0.050000
787    -0.049367
788    -0.048611
789    -0.048007
790    -0.046956
791    -0.046711
792    -0.046633
793    -0.046627
794    -0.046512
795    -0.046474
796    -0.046414
797    -0.046324
798    -0.046087
799    -0.046036
800    -0.046000
801    -0.045825
802    -0.045781
803    -0.045764
804    -0.045455
805    -0.045425
806    -0.045192
807    -0.044983
808    -0.044792
809    -0.044383
810    -0.044350
811    -0.044318
812    -0.043750
813    -0.043591
814    -0.043478
815    -0.043478
816    -0.043334
817    -0.043307
818    -0.042958
819    -0.042835
820    -0.042701
821    -0.042674
822    -0.042512
823    -0.042500
824    -0.042436
825    -0.042300
826    -0.042292
827    -0.042092
828    -0.041966
829    -0.041803
830    -0.041704
831    -0.041667
832    -0.041664
833    -0.041459
834    -0.041303
835    -0.041060
836    -0.041031
837    -0.041026
838    -0.040862
839    -0.040826
840    -0.040445
841    -0.040278
842    -0.040262
843    -0.039802
844    -0.039644
845    -0.039522
846    -0.039478
847    -0.039469
848    -0.039397
849    -0.039333
850    -0.039259
851    -0.039244
852    -0.039212
853    -0.039186
854    -0.039011
855    -0.038933
856    -0.038889
857    -0.038764
858    -0.038701
859    -0.038671
860    -0.038315
861    -0.038270
862    -0.038178
863    -0.038043
864    -0.037829
865    -0.037543
866    -0.037500
867    -0.037466
868    -0.037337
869    -0.037228
870    -0.036957
871    -0.036859
872    -0.036436
873    -0.036324
874    -0.036179
875    -0.036152
876    -0.036140
877    -0.035523
878    -0.035507
879    -0.035445
880    -0.035401
881    -0.035282
882    -0.035276
883    -0.035212
884    -0.035145
885    -0.034843
886    -0.034760
887    -0.034722
888    -0.034510
889    -0.034304
890    -0.034211
891    -0.034127
892    -0.033897
893    -0.033264
894    -0.032489
895    -0.032451
896    -0.032367
897    -0.032258
898    -0.032242
899    -0.032197
900    -0.032179
901    -0.032019
902    -0.031818
903    -0.031731
904    -0.031250
905    -0.030769
906    -0.030722
907    -0.030639
908    -0.030633
909    -0.030435
910    -0.030303
911    -0.030242
912    -0.030225
913    -0.030000
914    -0.029915
915    -0.029775
916    -0.029592
917    -0.028986
918    -0.028582
919    -0.028411
920    -0.028330
921    -0.028258
922    -0.028039
923    -0.027778
924    -0.027713
925    -0.027689
926    -0.027605
927    -0.027574
928    -0.027450
929    -0.027377
930    -0.027250
931    -0.027102
932    -0.027093
933    -0.027050
934    -0.027031
935    -0.026968
936    -0.026875
937    -0.026769
938    -0.026744
939    -0.026742
940    -0.026705
941    -0.026627
942    -0.026608
943    -0.026550
944    -0.026512
945    -0.026442
946    -0.026303
947    -0.026224
948    -0.026103
949    -0.026084
950    -0.026042
951    -0.026008
952    -0.025962
953    -0.025758
954    -0.025641
955    -0.025600
956    -0.025561
957    -0.025495
958    -0.025296
959    -0.025216
960    -0.025120
961    -0.025095
962    -0.025000
963    -0.024992
964    -0.024959
965    -0.024932
966    -0.024653
967    -0.024519
968    -0.024457
969    -0.024359
970    -0.024289
971    -0.024208
972    -0.024155
973    -0.024101
974    -0.024061
975    -0.024053
976    -0.023951
977    -0.023925
978    -0.023924
979    -0.023778
980    -0.023727
981    -0.023558
982    -0.023529
983    -0.023478
984    -0.023470
985    -0.023443
986    -0.023289
987    -0.023261
988    -0.023256
989    -0.023256
990    -0.023232
991    -0.023084
992    -0.023070
993    -0.023053
994    -0.023004
995    -0.022977
996    -0.022970
997    -0.022917
998    -0.022855
999    -0.022573
1000   -0.022569
1001   -0.022436
1002   -0.022281
1003   -0.022222
1004   -0.022128
1005   -0.022106
1006   -0.022076
1007   -0.021970
1008   -0.021965
1009   -0.021801
1010   -0.021641
1011   -0.021595
1012   -0.021528
1013   -0.021440
1014   -0.021422
1015   -0.021334
1016   -0.021269
1017   -0.021256
1018   -0.021147
1019   -0.021129
1020   -0.021096
1021   -0.021022
1022   -0.020959
1023   -0.020871
1024   -0.020833
1025   -0.020736
1026   -0.020479
1027   -0.020452
1028   -0.020433
1029   -0.020408
1030   -0.020330
1031   -0.020261
1032   -0.020222
1033   -0.020139
1034   -0.020014
1035   -0.020000
1036   -0.019991
1037   -0.019951
1038   -0.019864
1039   -0.019780
1040   -0.019697
1041   -0.019658
1042   -0.019581
1043   -0.019579
1044   -0.019533
1045   -0.019470
1046   -0.019444
1047   -0.019391
1048   -0.019383
1049   -0.019324
1050   -0.019314
1051   -0.019256
1052   -0.019231
1053   -0.019192
1054   -0.019067
1055   -0.019036
1056   -0.019022
1057   -0.019004
1058   -0.018809
1059   -0.018750
1060   -0.018734
1061   -0.018710
1062   -0.018603
1063   -0.018599
1064   -0.018546
1065   -0.018448
1066   -0.018375
1067   -0.018342
1068   -0.018315
1069   -0.018222
1070   -0.018182
1071   -0.018047
1072   -0.018003
1073   -0.017837
1074   -0.017765
1075   -0.017742
1076   -0.017677
1077   -0.017606
1078   -0.017444
1079   -0.017415
1080   -0.017308
1081   -0.017014
1082   -0.017006
1083   -0.016789
1084   -0.016757
1085   -0.016736
1086   -0.016732
1087   -0.016672
1088   -0.016667
1089   -0.016603
1090   -0.016573
1091   -0.016542
1092   -0.016511
1093   -0.016478
1094   -0.016469
1095   -0.016467
1096   -0.016408
1097   -0.016385
1098   -0.016324
1099   -0.016276
1100   -0.016214
1101   -0.016209
1102   -0.016189
1103   -0.016026
1104   -0.016000
1105   -0.015988
1106   -0.015972
1107   -0.015957
1108   -0.015930
1109   -0.015873
1110   -0.015863
1111   -0.015810
1112   -0.015789
1113   -0.015781
1114   -0.015742
1115   -0.015700
1116   -0.015600
1117   -0.015522
1118   -0.015461
1119   -0.015455
1120   -0.015377
1121   -0.015262
1122   -0.015200
1123   -0.015192
1124   -0.015180
1125   -0.015059
1126   -0.014980
1127   -0.014923
1128   -0.014922
1129   -0.014896
1130   -0.014896
1131   -0.014792
1132   -0.014758
1133   -0.014652
1134   -0.014530
1135   -0.014514
1136   -0.014514
1137   -0.014505
1138   -0.014493
1139   -0.014430
1140   -0.014405
1141   -0.014350
1142   -0.014342
1143   -0.014287
1144   -0.014254
1145   -0.014182
1146   -0.014158
1147   -0.014082
1148   -0.014076
1149   -0.014033
1150   -0.014026
1151   -0.013962
1152   -0.013924
1153   -0.013889
1154   -0.013889
1155   -0.013750
1156   -0.013636
1157   -0.013567
1158   -0.013374
1159   -0.013366
1160   -0.013285
1161   -0.013254
1162   -0.013175
1163   -0.013109
1164   -0.013082
1165   -0.013068
1166   -0.013060
1167   -0.013048
1168   -0.013043
1169   -0.012973
1170   -0.012958
1171   -0.012736
1172   -0.012709
1173   -0.012701
1174   -0.012674
1175   -0.012587
1176   -0.012532
1177   -0.012517
1178   -0.012500
1179   -0.012267
1180   -0.012258
1181   -0.012228
1182   -0.012211
1183   -0.012197
1184   -0.012191
1185   -0.012145
1186   -0.012121
1187   -0.012113
1188   -0.012075
1189   -0.012020
1190   -0.011988
1191   -0.011956
1192   -0.011932
1193   -0.011929
1194   -0.011905
1195   -0.011873
1196   -0.011867
1197   -0.011850
1198   -0.011803
1199   -0.011789
1200   -0.011667
1201   -0.011654
1202   -0.011570
1203   -0.011528
1204   -0.011440
1205   -0.011328
1206   -0.011299
1207   -0.011250
1208   -0.011244
1209   -0.011236
1210   -0.011234
1211   -0.011233
1212   -0.011220
1213   -0.011148
1214   -0.011140
1215   -0.011111
1216   -0.011111
1217   -0.011087
1218   -0.011076
1219   -0.011065
1220   -0.011041
1221   -0.011031
1222   -0.011029
1223   -0.010989
1224   -0.010986
1225   -0.010982
1226   -0.010923
1227   -0.010883
1228   -0.010856
1229   -0.010842
1230   -0.010826
1231   -0.010816
1232   -0.010769
1233   -0.010665
1234   -0.010591
1235   -0.010581
1236   -0.010493
1237   -0.010486
1238   -0.010364
1239   -0.010361
1240   -0.010303
1241   -0.010273
1242   -0.010223
1243   -0.010140
1244   -0.010036
1245   -0.009985
1246   -0.009947
1247   -0.009895
1248   -0.009852
1249   -0.009848
1250   -0.009768
1251   -0.009694
1252   -0.009685
1253   -0.009623
1254   -0.009596
1255   -0.009539
1256   -0.009437
1257   -0.009419
1258   -0.009410
1259   -0.009297
1260   -0.009284
1261   -0.009213
1262   -0.009174
1263   -0.009172
1264   -0.009109
1265   -0.009028
1266   -0.009011
1267   -0.009008
1268   -0.009002
1269   -0.008969
1270   -0.008905
1271   -0.008889
1272   -0.008843
1273   -0.008831
1274   -0.008764
1275   -0.008763
1276   -0.008747
1277   -0.008701
1278   -0.008574
1279   -0.008547
1280   -0.008547
1281   -0.008540
1282   -0.008490
1283   -0.008463
1284   -0.008403
1285   -0.008333
1286   -0.008243
1287   -0.008197
1288   -0.008081
1289   -0.007994
1290   -0.007778
1291   -0.007768
1292   -0.007729
1293   -0.007676
1294   -0.007623
1295   -0.007593
1296   -0.007562
1297   -0.007559
1298   -0.007551
1299   -0.007540
1300   -0.007513
1301   -0.007466
1302   -0.007459
1303   -0.007456
1304   -0.007451
1305   -0.007435
1306   -0.007383
1307   -0.007370
1308   -0.007326
1309   -0.007313
1310   -0.007299
1311   -0.007299
1312   -0.007236
1313   -0.007193
1314   -0.007193
1315   -0.007167
1316   -0.007155
1317   -0.007111
1318   -0.007080
1319   -0.007071
1320   -0.007047
1321   -0.007042
1322   -0.007017
1323   -0.006989
1324   -0.006946
1325   -0.006904
1326   -0.006892
1327   -0.006882
1328   -0.006821
1329   -0.006770
1330   -0.006754
1331   -0.006699
1332   -0.006691
1333   -0.006617
1334   -0.006615
1335   -0.006566
1336   -0.006522
1337   -0.006519
1338   -0.006492
1339   -0.006444
1340   -0.006433
1341   -0.006428
1342   -0.006349
1343   -0.006303
1344   -0.006296
1345   -0.006250
1346   -0.006181
1347   -0.006159
1348   -0.006091
1349   -0.006028
1350   -0.005915
1351   -0.005903
1352   -0.005781
1353   -0.005747
1354   -0.005650
1355   -0.005650
1356   -0.005641
1357   -0.005625
1358   -0.005609
1359   -0.005586
1360   -0.005556
1361   -0.005524
1362   -0.005507
1363   -0.005500
1364   -0.005498
1365   -0.005486
1366   -0.005461
1367   -0.005437
1368   -0.005435
1369   -0.005339
1370   -0.005318
1371   -0.005292
1372   -0.005233
1373   -0.005208
1374   -0.005174
1375   -0.005128
1376   -0.005074
1377   -0.005049
1378   -0.004986
1379   -0.004969
1380   -0.004955
1381   -0.004884
1382   -0.004861
1383   -0.004808
1384   -0.004800
1385   -0.004762
1386   -0.004749
1387   -0.004739
1388   -0.004678
1389   -0.004662
1390   -0.004657
1391   -0.004637
1392   -0.004629
1393   -0.004619
1394   -0.004574
1395   -0.004554
1396   -0.004545
1397   -0.004535
1398   -0.004522
1399   -0.004520
1400   -0.004490
1401   -0.004480
1402   -0.004423
1403   -0.004367
1404   -0.004333
1405   -0.004257
1406   -0.004219
1407   -0.004211
1408   -0.004197
1409   -0.004194
1410   -0.004161
1411   -0.004127
1412   -0.004121
1413   -0.004114
1414   -0.004069
1415   -0.004040
1416   -0.004000
1417   -0.004000
1418   -0.003977
1419   -0.003973
1420   -0.003966
1421   -0.003947
1422   -0.003937
1423   -0.003910
1424   -0.003812
1425   -0.003788
1426   -0.003785
1427   -0.003760
1428   -0.003690
1429   -0.003689
1430   -0.003676
1431   -0.003672
1432   -0.003663
1433   -0.003651
1434   -0.003650
1435   -0.003623
1436   -0.003560
1437   -0.003526
1438   -0.003525
1439   -0.003504
1440   -0.003488
1441   -0.003472
1442   -0.003419
1443   -0.003389
1444   -0.003382
1445   -0.003366
1446   -0.003326
1447   -0.003319
1448   -0.003299
1449   -0.003264
1450   -0.003257
1451   -0.003256
1452   -0.003193
1453   -0.003125
1454   -0.003107
1455   -0.003103
1456   -0.003080
1457   -0.003042
1458   -0.003039
1459   -0.003033
1460   -0.002991
1461   -0.002988
1462   -0.002966
1463   -0.002924
1464   -0.002914
1465   -0.002903
1466   -0.002848
1467   -0.002823
1468   -0.002813
1469   -0.002792
1470   -0.002781
1471   -0.002778
1472   -0.002754
1473   -0.002719
1474   -0.002684
1475   -0.002656
1476   -0.002574
1477   -0.002547
1478   -0.002525
1479   -0.002518
1480   -0.002497
1481   -0.002492
1482   -0.002392
1483   -0.002385
1484   -0.002331
1485   -0.002309
1486   -0.002267
1487   -0.002250
1488   -0.002244
1489   -0.002235
1490   -0.002226
1491   -0.002222
1492   -0.002143
1493   -0.002137
1494   -0.002132
1495   -0.002125
1496   -0.002118
1497   -0.002091
1498   -0.002083
1499   -0.002062
1500   -0.002031
1501   -0.002020
1502   -0.001973
1503   -0.001955
1504   -0.001947
1505   -0.001937
1506   -0.001926
1507   -0.001875
1508   -0.001848
1509   -0.001834
1510   -0.001818
1511   -0.001815
1512   -0.001814
1513   -0.001705
1514   -0.001676
1515   -0.001669
1516   -0.001650
1517   -0.001650
1518   -0.001643
1519   -0.001532
1520   -0.001489
1521   -0.001445
1522   -0.001442
1523   -0.001430
1524   -0.001393
1525   -0.001380
1526   -0.001297
1527   -0.001291
1528   -0.001208
1529   -0.001154
1530   -0.001131
1531   -0.001104
1532   -0.001076
1533   -0.001049
1534   -0.001042
1535   -0.001034
1536   -0.001034
1537   -0.001008
1538   -0.001007
1539   -0.000989
1540   -0.000978
1541   -0.000947
1542   -0.000947
1543   -0.000897
1544   -0.000871
1545   -0.000869
1546   -0.000863
1547   -0.000842
1548   -0.000841
1549   -0.000808
1550   -0.000792
1551   -0.000772
1552   -0.000663
1553   -0.000635
1554   -0.000633
1555   -0.000600
1556   -0.000588
1557   -0.000545
1558   -0.000543
1559   -0.000481
1560   -0.000466
1561   -0.000441
1562   -0.000408
1563   -0.000401
1564   -0.000326
1565   -0.000324
1566   -0.000310
1567   -0.000284
1568   -0.000262
1569   -0.000257
1570   -0.000247
1571   -0.000219
1572   -0.000206
1573   -0.000188
1574   -0.000137
1575   -0.000125
1576   -0.000122
1577   -0.000084
1578   -0.000063
1579   -0.000027
1580    0.000027
1581    0.000063
1582    0.000084
1583    0.000122
1584    0.000125
1585    0.000137
1586    0.000188
1587    0.000206
1588    0.000219
1589    0.000247
1590    0.000257
1591    0.000262
1592    0.000284
1593    0.000310
1594    0.000324
1595    0.000326
1596    0.000401
1597    0.000408
1598    0.000441
1599    0.000466
1600    0.000481
1601    0.000543
1602    0.000545
1603    0.000588
1604    0.000600
1605    0.000633
1606    0.000635
1607    0.000663
1608    0.000772
1609    0.000792
1610    0.000808
1611    0.000841
1612    0.000842
1613    0.000863
1614    0.000869
1615    0.000871
1616    0.000897
1617    0.000947
1618    0.000947
1619    0.000978
1620    0.000989
1621    0.001007
1622    0.001008
1623    0.001034
1624    0.001034
1625    0.001042
1626    0.001049
1627    0.001076
1628    0.001104
1629    0.001131
1630    0.001154
1631    0.001208
1632    0.001291
1633    0.001297
1634    0.001380
1635    0.001393
1636    0.001430
1637    0.001442
1638    0.001445
1639    0.001489
1640    0.001532
1641    0.001643
1642    0.001650
1643    0.001650
1644    0.001669
1645    0.001676
1646    0.001705
1647    0.001814
1648    0.001815
1649    0.001818
1650    0.001834
1651    0.001848
1652    0.001875
1653    0.001926
1654    0.001937
1655    0.001947
1656    0.001955
1657    0.001973
1658    0.002020
1659    0.002031
1660    0.002062
1661    0.002083
1662    0.002091
1663    0.002118
1664    0.002125
1665    0.002132
1666    0.002137
1667    0.002143
1668    0.002222
1669    0.002226
1670    0.002235
1671    0.002244
1672    0.002250
1673    0.002267
1674    0.002309
1675    0.002331
1676    0.002385
1677    0.002392
1678    0.002492
1679    0.002497
1680    0.002518
1681    0.002525
1682    0.002547
1683    0.002574
1684    0.002656
1685    0.002684
1686    0.002719
1687    0.002754
1688    0.002778
1689    0.002781
1690    0.002792
1691    0.002813
1692    0.002823
1693    0.002848
1694    0.002903
1695    0.002914
1696    0.002924
1697    0.002966
1698    0.002988
1699    0.002991
1700    0.003033
1701    0.003039
1702    0.003042
1703    0.003080
1704    0.003103
1705    0.003107
1706    0.003125
1707    0.003193
1708    0.003256
1709    0.003257
1710    0.003264
1711    0.003299
1712    0.003319
1713    0.003326
1714    0.003366
1715    0.003382
1716    0.003389
1717    0.003419
1718    0.003472
1719    0.003488
1720    0.003504
1721    0.003525
1722    0.003526
1723    0.003560
1724    0.003623
1725    0.003650
1726    0.003651
1727    0.003663
1728    0.003672
1729    0.003676
1730    0.003689
1731    0.003690
1732    0.003760
1733    0.003785
1734    0.003788
1735    0.003812
1736    0.003910
1737    0.003937
1738    0.003947
1739    0.003966
1740    0.003973
1741    0.003977
1742    0.004000
1743    0.004000
1744    0.004040
1745    0.004069
1746    0.004114
1747    0.004121
1748    0.004127
1749    0.004161
1750    0.004194
1751    0.004197
1752    0.004211
1753    0.004219
1754    0.004257
1755    0.004333
1756    0.004367
1757    0.004423
1758    0.004480
1759    0.004490
1760    0.004520
1761    0.004522
1762    0.004535
1763    0.004545
1764    0.004554
1765    0.004574
1766    0.004619
1767    0.004629
1768    0.004637
1769    0.004657
1770    0.004662
1771    0.004678
1772    0.004739
1773    0.004749
1774    0.004762
1775    0.004800
1776    0.004808
1777    0.004861
1778    0.004884
1779    0.004955
1780    0.004969
1781    0.004986
1782    0.005049
1783    0.005074
1784    0.005128
1785    0.005174
1786    0.005208
1787    0.005233
1788    0.005292
1789    0.005318
1790    0.005339
1791    0.005435
1792    0.005437
1793    0.005461
1794    0.005486
1795    0.005498
1796    0.005500
1797    0.005507
1798    0.005524
1799    0.005556
1800    0.005586
1801    0.005609
1802    0.005625
1803    0.005641
1804    0.005650
1805    0.005650
1806    0.005747
1807    0.005781
1808    0.005903
1809    0.005915
1810    0.006028
1811    0.006091
1812    0.006159
1813    0.006181
1814    0.006250
1815    0.006296
1816    0.006303
1817    0.006349
1818    0.006428
1819    0.006433
1820    0.006444
1821    0.006492
1822    0.006519
1823    0.006522
1824    0.006566
1825    0.006615
1826    0.006617
1827    0.006691
1828    0.006699
1829    0.006754
1830    0.006770
1831    0.006821
1832    0.006882
1833    0.006892
1834    0.006904
1835    0.006946
1836    0.006989
1837    0.007017
1838    0.007042
1839    0.007047
1840    0.007071
1841    0.007080
1842    0.007111
1843    0.007155
1844    0.007167
1845    0.007193
1846    0.007193
1847    0.007236
1848    0.007299
1849    0.007299
1850    0.007313
1851    0.007326
1852    0.007370
1853    0.007383
1854    0.007435
1855    0.007451
1856    0.007456
1857    0.007459
1858    0.007466
1859    0.007513
1860    0.007540
1861    0.007551
1862    0.007559
1863    0.007562
1864    0.007593
1865    0.007623
1866    0.007676
1867    0.007729
1868    0.007768
1869    0.007778
1870    0.007994
1871    0.008081
1872    0.008197
1873    0.008243
1874    0.008333
1875    0.008403
1876    0.008463
1877    0.008490
1878    0.008540
1879    0.008547
1880    0.008547
1881    0.008574
1882    0.008701
1883    0.008747
1884    0.008763
1885    0.008764
1886    0.008831
1887    0.008843
1888    0.008889
1889    0.008905
1890    0.008969
1891    0.009002
1892    0.009008
1893    0.009011
1894    0.009028
1895    0.009109
1896    0.009172
1897    0.009174
1898    0.009213
1899    0.009284
1900    0.009297
1901    0.009410
1902    0.009419
1903    0.009437
1904    0.009539
1905    0.009596
1906    0.009623
1907    0.009685
1908    0.009694
1909    0.009768
1910    0.009848
1911    0.009852
1912    0.009895
1913    0.009947
1914    0.009985
1915    0.010036
1916    0.010140
1917    0.010223
1918    0.010273
1919    0.010303
1920    0.010361
1921    0.010364
1922    0.010486
1923    0.010493
1924    0.010581
1925    0.010591
1926    0.010665
1927    0.010769
1928    0.010816
1929    0.010826
1930    0.010842
1931    0.010856
1932    0.010883
1933    0.010923
1934    0.010982
1935    0.010986
1936    0.010989
1937    0.011029
1938    0.011031
1939    0.011041
1940    0.011065
1941    0.011076
1942    0.011087
1943    0.011111
1944    0.011111
1945    0.011140
1946    0.011148
1947    0.011220
1948    0.011233
1949    0.011234
1950    0.011236
1951    0.011244
1952    0.011250
1953    0.011299
1954    0.011328
1955    0.011440
1956    0.011528
1957    0.011570
1958    0.011654
1959    0.011667
1960    0.011789
1961    0.011803
1962    0.011850
1963    0.011867
1964    0.011873
1965    0.011905
1966    0.011929
1967    0.011932
1968    0.011956
1969    0.011988
1970    0.012020
1971    0.012075
1972    0.012113
1973    0.012121
1974    0.012145
1975    0.012191
1976    0.012197
1977    0.012211
1978    0.012228
1979    0.012258
1980    0.012267
1981    0.012500
1982    0.012517
1983    0.012532
1984    0.012587
1985    0.012674
1986    0.012701
1987    0.012709
1988    0.012736
1989    0.012958
1990    0.012973
1991    0.013043
1992    0.013048
1993    0.013060
1994    0.013068
1995    0.013082
1996    0.013109
1997    0.013175
1998    0.013254
1999    0.013285
2000    0.013366
2001    0.013374
2002    0.013567
2003    0.013636
2004    0.013750
2005    0.013889
2006    0.013889
2007    0.013924
2008    0.013962
2009    0.014026
2010    0.014033
2011    0.014076
2012    0.014082
2013    0.014158
2014    0.014182
2015    0.014254
2016    0.014287
2017    0.014342
2018    0.014350
2019    0.014405
2020    0.014430
2021    0.014493
2022    0.014505
2023    0.014514
2024    0.014514
2025    0.014530
2026    0.014652
2027    0.014758
2028    0.014792
2029    0.014896
2030    0.014896
2031    0.014922
2032    0.014923
2033    0.014980
2034    0.015059
2035    0.015180
2036    0.015192
2037    0.015200
2038    0.015262
2039    0.015377
2040    0.015455
2041    0.015461
2042    0.015522
2043    0.015600
2044    0.015700
2045    0.015742
2046    0.015781
2047    0.015789
2048    0.015810
2049    0.015863
2050    0.015873
2051    0.015930
2052    0.015957
2053    0.015972
2054    0.015988
2055    0.016000
2056    0.016026
2057    0.016189
2058    0.016209
2059    0.016214
2060    0.016276
2061    0.016324
2062    0.016385
2063    0.016408
2064    0.016467
2065    0.016469
2066    0.016478
2067    0.016511
2068    0.016542
2069    0.016573
2070    0.016603
2071    0.016667
2072    0.016672
2073    0.016732
2074    0.016736
2075    0.016757
2076    0.016789
2077    0.017006
2078    0.017014
2079    0.017308
2080    0.017415
2081    0.017444
2082    0.017606
2083    0.017677
2084    0.017742
2085    0.017765
2086    0.017837
2087    0.018003
2088    0.018047
2089    0.018182
2090    0.018222
2091    0.018315
2092    0.018342
2093    0.018375
2094    0.018448
2095    0.018546
2096    0.018599
2097    0.018603
2098    0.018710
2099    0.018734
2100    0.018750
2101    0.018809
2102    0.019004
2103    0.019022
2104    0.019036
2105    0.019067
2106    0.019192
2107    0.019231
2108    0.019256
2109    0.019314
2110    0.019324
2111    0.019383
2112    0.019391
2113    0.019444
2114    0.019470
2115    0.019533
2116    0.019579
2117    0.019581
2118    0.019658
2119    0.019697
2120    0.019780
2121    0.019864
2122    0.019951
2123    0.019991
2124    0.020000
2125    0.020014
2126    0.020139
2127    0.020222
2128    0.020261
2129    0.020330
2130    0.020408
2131    0.020433
2132    0.020452
2133    0.020479
2134    0.020736
2135    0.020833
2136    0.020871
2137    0.020959
2138    0.021022
2139    0.021096
2140    0.021129
2141    0.021147
2142    0.021256
2143    0.021269
2144    0.021334
2145    0.021422
2146    0.021440
2147    0.021528
2148    0.021595
2149    0.021641
2150    0.021801
2151    0.021965
2152    0.021970
2153    0.022076
2154    0.022106
2155    0.022128
2156    0.022222
2157    0.022281
2158    0.022436
2159    0.022569
2160    0.022573
2161    0.022855
2162    0.022917
2163    0.022970
2164    0.022977
2165    0.023004
2166    0.023053
2167    0.023070
2168    0.023084
2169    0.023232
2170    0.023256
2171    0.023256
2172    0.023261
2173    0.023289
2174    0.023443
2175    0.023470
2176    0.023478
2177    0.023529
2178    0.023558
2179    0.023727
2180    0.023778
2181    0.023924
2182    0.023925
2183    0.023951
2184    0.024053
2185    0.024061
2186    0.024101
2187    0.024155
2188    0.024208
2189    0.024289
2190    0.024359
2191    0.024457
2192    0.024519
2193    0.024653
2194    0.024932
2195    0.024959
2196    0.024992
2197    0.025000
2198    0.025095
2199    0.025120
2200    0.025216
2201    0.025296
2202    0.025495
2203    0.025561
2204    0.025600
2205    0.025641
2206    0.025758
2207    0.025962
2208    0.026008
2209    0.026042
2210    0.026084
2211    0.026103
2212    0.026224
2213    0.026303
2214    0.026442
2215    0.026512
2216    0.026550
2217    0.026608
2218    0.026627
2219    0.026705
2220    0.026742
2221    0.026744
2222    0.026769
2223    0.026875
2224    0.026968
2225    0.027031
2226    0.027050
2227    0.027093
2228    0.027102
2229    0.027250
2230    0.027377
2231    0.027450
2232    0.027574
2233    0.027605
2234    0.027689
2235    0.027713
2236    0.027778
2237    0.028039
2238    0.028258
2239    0.028330
2240    0.028411
2241    0.028582
2242    0.028986
2243    0.029592
2244    0.029775
2245    0.029915
2246    0.030000
2247    0.030225
2248    0.030242
2249    0.030303
2250    0.030435
2251    0.030633
2252    0.030639
2253    0.030722
2254    0.030769
2255    0.031250
2256    0.031731
2257    0.031818
2258    0.032019
2259    0.032179
2260    0.032197
2261    0.032242
2262    0.032258
2263    0.032367
2264    0.032451
2265    0.032489
2266    0.033264
2267    0.033897
2268    0.034127
2269    0.034211
2270    0.034304
2271    0.034510
2272    0.034722
2273    0.034760
2274    0.034843
2275    0.035145
2276    0.035212
2277    0.035276
2278    0.035282
2279    0.035401
2280    0.035445
2281    0.035507
2282    0.035523
2283    0.036140
2284    0.036152
2285    0.036179
2286    0.036324
2287    0.036436
2288    0.036859
2289    0.036957
2290    0.037228
2291    0.037337
2292    0.037466
2293    0.037500
2294    0.037543
2295    0.037829
2296    0.038043
2297    0.038178
2298    0.038270
2299    0.038315
2300    0.038671
2301    0.038701
2302    0.038764
2303    0.038889
2304    0.038933
2305    0.039011
2306    0.039186
2307    0.039212
2308    0.039244
2309    0.039259
2310    0.039333
2311    0.039397
2312    0.039469
2313    0.039478
2314    0.039522
2315    0.039644
2316    0.039802
2317    0.040262
2318    0.040278
2319    0.040445
2320    0.040826
2321    0.040862
2322    0.041026
2323    0.041031
2324    0.041060
2325    0.041303
2326    0.041459
2327    0.041664
2328    0.041667
2329    0.041704
2330    0.041803
2331    0.041966
2332    0.042092
2333    0.042292
2334    0.042300
2335    0.042436
2336    0.042500
2337    0.042512
2338    0.042674
2339    0.042701
2340    0.042835
2341    0.042958
2342    0.043307
2343    0.043334
2344    0.043478
2345    0.043478
2346    0.043591
2347    0.043750
2348    0.044318
2349    0.044350
2350    0.044383
2351    0.044792
2352    0.044983
2353    0.045192
2354    0.045425
2355    0.045455
2356    0.045764
2357    0.045781
2358    0.045825
2359    0.046000
2360    0.046036
2361    0.046087
2362    0.046324
2363    0.046414
2364    0.046474
2365    0.046512
2366    0.046627
2367    0.046633
2368    0.046711
2369    0.046956
2370    0.048007
2371    0.048611
2372    0.049367
2373    0.050000
2374    0.050000
2375    0.050633
2376    0.051201
2377    0.051264
2378    0.051389
2379    0.051424
2380    0.051471
2381    0.051511
2382    0.052927
2383    0.053326
2384    0.053488
2385    0.053531
2386    0.053560
2387    0.054069
2388    0.054167
2389    0.054303
2390    0.054698
2391    0.055174
2392    0.055201
2393    0.055458
2394    0.055707
2395    0.056187
2396    0.056250
2397    0.056522
2398    0.056653
2399    0.056850
2400    0.057048
2401    0.057065
2402    0.057143
2403    0.057292
2404    0.057692
2405    0.057955
2406    0.058281
2407    0.058500
2408    0.058824
2409    0.058974
2410    0.059179
2411    0.060082
2412    0.060478
2413    0.061111
2414    0.061315
2415    0.061905
2416    0.062500
2417    0.062547
2418    0.062718
2419    0.063291
2420    0.063701
2421    0.063924
2422    0.064599
2423    0.064734
2424    0.065359
2425    0.066548
2426    0.066957
2427    0.067412
2428    0.067633
2429    0.067742
2430    0.067935
2431    0.068750
2432    0.068775
2433    0.069231
2434    0.069565
2435    0.069643
2436    0.069697
2437    0.070220
2438    0.070446
2439    0.071084
2440    0.071167
2441    0.071302
2442    0.072222
2443    0.072310
2444    0.072464
2445    0.072791
2446    0.072911
2447    0.073257
2448    0.073576
2449    0.074359
2450    0.074367
2451    0.075000
2452    0.075657
2453    0.075721
2454    0.075782
2455    0.075845
2456    0.075968
2457    0.076389
2458    0.076471
2459    0.076744
2460    0.077778
2461    0.077782
2462    0.077919
2463    0.077988
2464    0.078488
2465    0.078526
2466    0.078623
2467    0.078760
2468    0.078853
2469    0.079592
2470    0.079631
2471    0.079657
2472    0.079802
2473    0.079861
2474    0.079914
2475    0.080000
2476    0.080304
2477    0.080342
2478    0.080435
2479    0.080672
2480    0.080707
2481    0.080808
2482    0.081307
2483    0.081338
2484    0.081522
2485    0.081666
2486    0.081748
2487    0.081818
2488    0.082149
2489    0.082411
2490    0.082674
2491    0.082737
2492    0.082957
2493    0.083152
2494    0.083155
2495    0.083264
2496    0.083280
2497    0.083333
2498    0.083560
2499    0.083621
2500    0.083923
2501    0.083940
2502    0.084127
2503    0.084211
2504    0.085378
2505    0.085470
2506    0.085507
2507    0.086076
2508    0.086146
2509    0.086823
2510    0.086957
2511    0.087500
2512    0.087687
2513    0.087770
2514    0.087855
2515    0.088283
2516    0.088701
2517    0.088764
2518    0.088889
2519    0.088889
2520    0.089011
2521    0.089067
2522    0.089514
2523    0.090393
2524    0.090668
2525    0.090703
2526    0.090826
2527    0.091026
2528    0.091031
2529    0.091111
2530    0.091667
2531    0.091702
2532    0.091803
2533    0.092260
2534    0.092324
2535    0.092449
2536    0.092571
2537    0.092674
2538    0.092701
2539    0.092742
2540    0.092929
2541    0.092958
2542    0.093516
2543    0.093750
2544    0.093924
2545    0.094231
2546    0.094350
2547    0.094375
2548    0.094386
2549    0.094514
2550    0.094591
2551    0.094697
2552    0.094792
2553    0.095192
2554    0.095227
2555    0.095238
2556    0.095322
2557    0.095363
2558    0.095455
2559    0.095742
2560    0.095781
2561    0.096000
2562    0.096234
2563    0.096261
2564    0.096324
2565    0.096440
2566    0.096518
2567    0.096618
2568    0.097188
2569    0.097222
2570    0.097310
2571    0.097547
2572    0.097910
2573    0.098051
2574    0.098135
2575    0.098177
2576    0.098352
2577    0.098752
2578    0.099014
2579    0.099185
2580    0.099340
2581    0.099359
2582    0.099431
2583    0.099560
2584    0.099666
2585    0.099812
2586    0.099875
2587    0.099883
2588    0.100000
2589    0.100000
2590    0.100122
2591    0.100132
2592    0.100543
2593    0.101744
2594    0.101937
2595    0.102143
2596    0.102625
2597    0.102657
2598    0.102688
2599    0.102778
2600    0.102778
2601    0.102813
2602    0.102914
2603    0.102935
2604    0.103560
2605    0.103785
2606    0.103812
2607    0.104069
2608    0.104592
2609    0.104750
2610    0.104794
2611    0.104861
2612    0.104955
2613    0.105000
2614    0.105461
2615    0.105591
2616    0.105727
2617    0.105903
2618    0.106303
2619    0.106566
2620    0.106598
2621    0.106625
2622    0.106818
2623    0.106882
2624    0.106892
2625    0.107111
2626    0.107179
2627    0.107435
2628    0.107674
2629    0.108213
2630    0.108264
2631    0.108274
2632    0.108711
2633    0.108716
2634    0.108768
2635    0.109116
2636    0.109127
2637    0.109211
2638    0.109379
2639    0.109705
2640    0.109776
2641    0.109924
2642    0.110027
2643    0.110248
2644    0.110256
2645    0.110435
2646    0.110507
2647    0.110723
2648    0.111111
2649    0.112253
2650    0.113043
2651    0.113248
2652    0.113698
2653    0.113701
2654    0.113764
2655    0.113889
2656    0.113924
2657    0.113971
2658    0.114011
2659    0.114562
2660    0.114645
2661    0.115385
2662    0.115826
2663    0.115942
2664    0.116031
2665    0.116117
2666    0.116667
2667    0.116803
2668    0.117674
2669    0.117701
2670    0.117770
2671    0.117958
2672    0.118750
2673    0.118803
2674    0.119135
2675    0.119199
2676    0.119324
2677    0.119350
2678    0.119446
2679    0.119792
2680    0.120192
2681    0.120455
2682    0.120617
2683    0.120781
2684    0.121000
2685    0.121026
2686    0.121260
2687    0.121324
2688    0.121466
2689    0.122101
2690    0.122238
2691    0.122844
2692    0.123109
2693    0.123136
2694    0.123393
2695    0.124185
2696    0.124289
2697    0.124785
2698    0.125000
2699    0.125153
2700    0.125226
2701    0.125236
2702    0.125627
2703    0.125838
2704    0.125889
2705    0.126215
2706    0.126435
2707    0.126471
2708    0.126533
2709    0.126708
2710    0.126758
2711    0.129726
2712    0.129790
2713    0.129915
2714    0.129959
2715    0.130037
2716    0.130435
2717    0.131851
2718    0.132057
2719    0.132143
2720    0.132692
2721    0.132829
2722    0.132992
2723    0.133700
2724    0.133726
2725    0.133983
2726    0.134776
2727    0.135376
2728    0.135817
2729    0.136218
2730    0.136480
2731    0.136806
2732    0.136867
2733    0.137026
2734    0.137349
2735    0.137500
2736    0.140988
2737    0.141026
2738    0.143219
2739    0.144022
2740    0.144213
2741    0.145221
2742    0.145701
2743    0.146032
2744    0.146168
2745    0.148693
2746    0.149367
2747    0.150000
2748    0.150830
2749    0.153215
2750    0.153488
2751    0.153583
2752    0.154248
2753    0.155242
2754    0.156062
2755    0.156250
2756    0.156471
2757    0.156522
2758    0.156731
2759    0.157143
2760    0.157197
2761    0.158289
2762    0.159722
2763    0.159734
2764    0.160598
2765    0.160681
2766    0.161859
2767    0.161978
2768    0.164244
2769    0.165171
2770    0.165235
2771    0.165278
2772    0.165359
2773    0.165482
2774    0.165854
2775    0.166667
2776    0.167092
2777    0.167296
2778    0.167500
2779    0.167502
2780    0.167742
2781    0.168137
2782    0.168274
2783    0.168750
2784    0.169145
2785    0.169171
2786    0.169231
2787    0.169318
2788    0.169428
2789    0.169697
2790    0.170186
2791    0.170221
2792    0.170764
2793    0.170821
2794    0.171262
2795    0.171429
2796    0.171627
2797    0.171663
2798    0.171711
2799    0.171925
2800    0.172222
2801    0.172251
2802    0.172471
2803    0.172794
2804    0.173007
2805    0.174359
2806    0.176201
2807    0.176264
2808    0.176389
2809    0.176471
2810    0.176511
2811    0.176744
2812    0.177778
2813    0.178326
2814    0.178354
2815    0.178531
2816    0.179167
2817    0.179303
2818    0.179592
2819    0.180000
2820    0.180174
2821    0.180201
2822    0.180458
2823    0.181250
2824    0.181818
2825    0.181850
2826    0.182292
2827    0.182692
2828    0.182955
2829    0.183264
2830    0.183281
2831    0.183500
2832    0.183824
2833    0.184127
2834    0.184211
2835    0.185507
2836    0.187500
2837    0.188701
2838    0.188764
2839    0.188889
2840    0.189011
2841    0.189383
2842    0.190826
2843    0.191031
2844    0.191667
2845    0.191803
2846    0.192674
2847    0.192701
2848    0.192958
2849    0.193750
2850    0.194350
2851    0.194643
2852    0.194792
2853    0.195192
2854    0.195455
2855    0.195781
2856    0.196000
2857    0.196324
2858    0.200000
2859    0.206510
2860    0.207143
2861    0.210631
2862    0.213665
2863    0.224828
2864    0.224885
2865    0.225893
2866    0.226374
2867    0.226840
2868    0.228571
2869    0.228571
2870    0.229365
2871    0.231502
2872    0.233887
2873    0.234921
2874    0.235419
2875    0.236735
2876    0.237143
2877    0.238961
2878    0.240406
2879    0.240854
2880    0.241071
2881    0.241270
2882    0.241353
2883    0.242650
2884    0.245843
2885    0.245907
2886    0.246032
2887    0.246154
2888    0.247969
2889    0.248174
2890    0.248810
2891    0.248946
2892    0.249817
2893    0.249844
2894    0.250101
2895    0.250893
2896    0.251493
2897    0.251930
2898    0.251935
2899    0.252101
2900    0.252335
2901    0.252597
2902    0.252923
2903    0.253143
2904    0.253466
2905    0.254743
2906    0.257143
2907    0.262294
2908    0.265854
2909    0.278897
2910    0.287546
2911    0.298137
2912    0.303354
2913    0.303571
2914    0.314647
2915    0.315221
2916    0.315854
2917    0.317460
2918    0.319342
2919    0.322375
2920    0.325012
2921    0.328571
2922    0.333596
2923    0.334604
2924    0.335084
2925    0.335551
2926    0.338076
2927    0.340213
2928    0.341615
2929    0.342598
2930    0.342857
2931    0.343631
2932    0.345445
2933    0.345854
2934    0.347672
2935    0.349117
2936    0.349981
2937    0.350064
2938    0.351361
2939    0.354554
2940    0.354618
2941    0.354743
2942    0.354865
2943    0.356679
2944    0.356885
2945    0.357520
2946    0.357657
2947    0.358528
2948    0.358554
2949    0.358811
2950    0.359604
2951    0.360204
2952    0.360645
2953    0.361046
2954    0.361308
2955    0.361634
2956    0.361854
2957    0.362177
2958    0.365854
2959    0.366071
2960    0.377939
2961    0.378571
2962    0.382060
2963    0.385093
2964    0.396313
2965    0.397321
2966    0.397802
2967    0.398268
2968    0.400794
2969    0.402930
2970    0.404762
2971    0.405316
2972    0.405575
2973    0.406349
2974    0.408163
2975    0.408571
2976    0.410390
2977    0.411835
2978    0.412698
2979    0.412782
2980    0.414079
2981    0.417272
2982    0.417335
2983    0.417460
2984    0.417582
2985    0.419397
2986    0.419603
2987    0.420238
2988    0.420375
2989    0.421245
2990    0.421272
2991    0.421529
2992    0.422321
2993    0.422922
2994    0.423363
2995    0.423764
2996    0.424026
2997    0.424352
2998    0.424571
2999    0.424895
3000    0.428571
3001    0.467480
3002    0.514286
3003    0.571429
3004    0.571429
3005    0.576190
3006    0.583929
3007    0.594958
3008    0.630403
3009    0.633333
3010    0.634146
3011    0.640994
3012    0.645833
3013    0.646429
3014    0.656863
3015    0.657505
3016    0.660317
3017    0.667869
3018    0.671429
3019    0.684472
3020    0.692308
3021    0.702899
3022    0.708333
3023    0.708929
3024    0.719409
3025    0.720796
3026    0.721429
3027    0.722222
3028    0.724917
3029    0.727950
3030    0.729773
3031    0.733333
3032    0.739171
3033    0.740179
3034    0.740659
3035    0.741126
3036    0.742857
3037    0.743651
3038    0.745788
3039    0.746377
3040    0.748173
3041    0.749206
3042    0.751020
3043    0.751429
3044    0.753247
3045    0.754692
3046    0.755556
3047    0.755639
3048    0.756936
3049    0.760129
3050    0.760193
3051    0.760317
3052    0.760440
3053    0.762254
3054    0.762460
3055    0.763095
3056    0.763232
3057    0.764103
3058    0.764129
3059    0.764386
3060    0.765179
3061    0.765779
3062    0.766220
3063    0.766621
3064    0.766883
3065    0.767209
3066    0.767429
3067    0.767752
3068    0.770833
3069    0.771429
3070    0.782700
3071    0.783333
3072    0.786822
3073    0.789855
3074    0.800000
3075    0.801075
3076    0.802083
3077    0.802564
3078    0.803030
3079    0.805556
3080    0.807692
3081    0.810078
3082    0.811111
3083    0.812500
3084    0.812925
3085    0.813333
3086    0.815152
3087    0.816597
3088    0.817460
3089    0.817544
3090    0.818841
3091    0.822034
3092    0.822097
3093    0.822222
3094    0.822344
3095    0.823529
3096    0.824159
3097    0.824365
3098    0.825000
3099    0.825137
3100    0.826007
3101    0.826034
3102    0.826291
3103    0.827083
3104    0.827684
3105    0.828125
3106    0.828526
3107    0.828788
3108    0.829114
3109    0.829333
3110    0.829657
3111    0.833333
3112    0.858974
3113    0.869565
3114    0.875000
3115    0.886076
3116    0.888889
3117    0.896440
3118    0.900000
3119    0.913043
3120    0.937500
3121    0.949367
3122    0.950000
3123    0.953488
3124    0.956522
3125    0.967742
3126    0.968750
3127    0.969231
3128    0.969697
3129    0.972222
3130    0.974359
3131    0.976744
3132    0.977778
3133    0.979592
3134    0.980000
3135    0.981818
3136    0.983264
3137    0.984127
3138    0.984211
3139    0.985507
3140    0.988701
3141    0.988764
3142    0.988889
3143    0.989011
3144    0.990826
3145    0.991031
3146    0.991667
3147    0.991803
3148    0.992674
3149    0.992701
3150    0.992958
3151    0.993750
3152    0.994350
3153    0.994792
3154    0.995192
3155    0.995455
3156    0.995781
3157    0.996000
3158    0.996324
3159    1.000000

