   class_acctual  count_grouped_acctuals  predict_automatch  count_grouped_predictions Class  TN   FN    FP    TP
0            0.0                     875                0.0                       1116   427   4   12   871  2480
1            0.0                    3064                0.0                       4278   426  75  193  2989  8587
2            0.0                    1119                0.0                       1650   413  11   34  1108  3333

    class_acctual  count_grouped_acctuals  predict_automatch  count_grouped_predictions Class  TN  FN    FP    TP
0             0.0                      32                0.0                         35   177   0   0    32    78
1             0.0                     261                0.0                        341   176   0   2   261   759
2             0.0                      14                0.0                         15   160   0   0    14    33
3             0.0                     110                0.0                        189   139   0   0   110   328
4             0.0                      24                0.0                         37   138   1   0    23    80
5             0.0                       8                0.0                          9   136   0   0     8    21
6             0.0                     349                0.0                        427   126   1   4   348  1001
7             0.0                    1095                0.0                       1396   121  17  41  1078  3017
8             0.0                     128                0.0                        139   116  11  26   117   348
9             0.0                     175                0.0                        214   114   1   1   174   517
10            0.0                     409                0.0                        532   113   1   9   408  1202
11            0.0                     294                0.0                        312   110  25  57   269   774
12            0.0                      85                0.0                        228   109   0   2    85   288
13            0.0                     815                0.0                        959   108   3   9   812  2313
14            0.0                      98                0.0                        116   107   0   1    98   258
15            0.0                     199                0.0                        413   106   0   1   199   527
16            0.0                      91                0.0                        114   105   0   2    91   259
17            0.0                     186                0.0                        203   104   3   2   183   505
18            0.0                     214                0.0                        250   103   2   2   212   665
19            0.0                      36                0.0                         47  1011   0   1    36   142
20            0.0                     100                0.0                        131  1010   0   2   100   314
21            0.0                       3                0.0                          4  1002   0   0     3    12

     class_acctual  count_grouped_acctuals  predict_automatch  count_grouped_predictions  Class TN  FN   FP   TP
0              0.0                       2                0.0                          7   9974  0   0    2    7
1              0.0                       1                0.0                          1   9966  0   0    1    0
2              0.0                       8                0.0                         16   9949  0   0    8   16
3              0.0                       1                0.0                          1   9617  0   0    1    0
4              0.0                       1                0.0                          1   8632  0   0    1    0
5              0.0                      10                0.0                         37   8088  0   0   10   49
6              0.0                       4                0.0                         13   7932  0   0    4   19
7              0.0                       9                0.0                         14  78977  0   0    9   36
8              0.0                       2                0.0                          2  78767  0   0    2    5
9              0.0                       1                0.0                          2  78704  0   0    1    2
10             0.0                       1                0.0                          2  78619  0   0    1    1
11             0.0                       1                0.0                          1  78531  0   0    1    0
12             0.0                       7                0.0                          7  78366  1   3    6   29
13             0.0                       1                0.0                          1  78243  0   0    1    0
14             0.0                      22                0.0                         33  78150  0   0   22   73
15             0.0                      11                0.0                         11  78140  0   1   11   16
16             0.0                      39                0.0                         39  78033  0   1   39   82
17             0.0                       6                0.0                          9  77994  0   0    6   19
18             0.0                      11                0.0                         16  77992  0   0   11   36
19             0.0                       4                0.0                          3  77805  0   0    4    6
20             0.0                       1                0.0                          2  77780  0   0    1    8
21             0.0                       1                0.0                          1  77710  0   0    1    2
22             0.0                       5                0.0                          7  77579  0   0    5    7
23             0.0                       2                0.0                          2  77565  0   0    2    6
24             0.0                       1                0.0                          1  77558  0   0    1    2
25             0.0                       1                0.0                          1  77553  0   0    1    0
26             0.0                       3                0.0                          2  77493  0   0    3    5
27             0.0                       1                0.0                          2  77473  0   0    1    3
28             0.0                       1                0.0                          1  77403  0   0    1    0
29             0.0                       2                0.0                          3  77402  0   0    2    5
30             0.0                       1                0.0                          1  77329  0   0    1    1
31             0.0                       2                0.0                         12  77319  0   0    2   13
32             0.0                       4                0.0                          5  77264  0   0    4    8
33             0.0                      19                0.0                         25  77261  0   1   19   66
34             0.0                       4                0.0                          7  77229  0   0    4   15
35             0.0                       1                0.0                          1  77212  0   0    1    1
36             0.0                       3                0.0                          4  77119  0   0    3    4
37             0.0                       1                0.0                          1  77073  0   0    1    3
38             0.0                      17                0.0                         22  77064  0   1   17   55
39             0.0                      10                0.0                         14  77027  0   0   10   45
40             0.0                       1                0.0                          2  76946  0   1    1    4
41             0.0                       1                0.0                          1  76922  0   0    1    2
42             0.0                      41                0.0                         39  76900  2   6   39   90
43             0.0                       3                0.0                          3  76747  0   0    3    7
44             0.0                       3                0.0                          2  76687  0   0    3    6
45             0.0                      10                0.0                         11  76407  0   0   10   21
46             0.0                       1                0.0                          1  76383  0   0    1    0
47             0.0                       4                0.0                          4  76333  0   0    4    2
48             0.0                       1                0.0                          1  76331  0   0    1    1
49             0.0                       2                0.0                          4  76290  0   0    2    3
50             0.0                       1                0.0                          1  76187  0   0    1    0
51             0.0                       8                0.0                          9  76171  0   0    8   20
52             0.0                       4                0.0                          4  76083  1   0    3    4
53             0.0                       1                0.0                          1   7607  0   0    1    2
54             0.0                       1                0.0                          1  76007  0   0    1    1
55             0.0                       2                0.0                          3  75662  0   0    2    3
56             0.0                       1                0.0                          5  75639  0   0    1    5
57             0.0                       3                0.0                          4  75638  0   0    3    5
58             0.0                       1                0.0                          1  75633  0   0    1    0
59             0.0                       4                0.0                          2  75608  0   0    4   12
60             0.0                       3                0.0                          4  75591  0   0    3    4
61             0.0                       1                0.0                          1  75381  0   0    1    1
62             0.0                      11                0.0                         16  75316  0   0   11   29
63             0.0                       1                0.0                          1  75253  0   0    1    2
64             0.0                       2                0.0                          2  75245  0   0    2    3
65             0.0                       1                0.0                          4  75078  0   0    1    9
66             0.0                       8                0.0                         11  75019  0   1    8   26
67             0.0                       1                0.0                          1  74833  0   0    1    1
68             0.0                       1                0.0                          1  74824  0   0    1    0
69             0.0                       1                0.0                          1  74775  0   0    1    1
70             0.0                       5                0.0                          5  74622  0   0    5   10
71             0.0                       1                0.0                          2  74177  0   0    1    6
72             0.0                       4                0.0                          3  74071  0   0    4    4
73             0.0                       4                0.0                          5  74052  0   0    4    4
74             0.0                       4                0.0                          9  74050  0   0    4    9
75             0.0                       2                0.0                          3  74027  0   0    2    5
76             0.0                       1                0.0                          2  74023  0   1    1    5
77             0.0                       2                0.0                          3  73723  0   0    2    9
78             0.0                       1                0.0                          1  73658  0   0    1    1
79             0.0                       1                0.0                          1  73646  0   0    1    1
80             0.0                      10                0.0                         13   7359  0   1   10   41
81             0.0                       2                0.0                          1  73574  0   0    2    4
82             0.0                       1                0.0                          2  73532  0   0    1    3
83             0.0                       1                0.0                          1  73518  0   0    1    0
84             0.0                       1                0.0                          3  73517  0   0    1    7
85             0.0                       2                0.0                          2  73516  0   0    2    5
86             0.0                       4                0.0                          4  73514  0   0    4    5
87             0.0                       1                0.0                          3  73513  0   0    1    7
88             0.0                       1                0.0                          1  73414  0   0    1    1
89             0.0                       4                0.0                          3  73269  0   1    4   12
90             0.0                       1                0.0                          1  73260  0   0    1    1
91             0.0                       1                0.0                          3  73176  0   0    1    9
92             0.0                      10                0.0                          9  73117  1   0    9   18
93             0.0                       1                0.0                          1  72926  0   0    1    4
94             0.0                       1                0.0                          1  72897  0   0    1    1
95             0.0                      55                0.0                         71  72894  2   5   53  143
96             0.0                       3                0.0                          4  72884  0   0    3    4
97             0.0                       7                0.0                          3  72880  0   0    7   10
98             0.0                       3                0.0                          6  72869  1   0    2   11
99             0.0                       6                0.0                          4  72836  0   0    6    4
100            0.0                       2                0.0                          4  72732  0   0    2   10
101            0.0                       4                0.0                          5  72723  0   1    4   12
102            0.0                       4                0.0                          2   7270  0   0    4    2
103            0.0                       1                0.0                          1  72671  0   0    1    0
104            0.0                      12                0.0                         14  72597  0   0   12   40
105            0.0                      12                0.0                         17  72569  0   0   12   25
106            0.0                       3                0.0                          7  72456  0   0    3   15
107            0.0                       7                0.0                          9  72454  0   0    7   12
108            0.0                       1                0.0                          1  72371  0   0    1    0
109            0.0                       2                0.0                          3  72278  0   0    2    4
110            0.0                      10                0.0                          8  72253  1   0    9   10
111            0.0                      12                0.0                         13  72155  0   0   12   34
112            0.0                       1                0.0                          1  72150  0   0    1    1
113            0.0                       1                0.0                          1  72146  0   0    1    0
114            0.0                       1                0.0                          1  72142  0   0    1    0
115            0.0                       1                0.0                          1  72136  0   0    1    0
116            0.0                       9                0.0                         10  72060  0   0    9   12
117            0.0                       2                0.0                          2  71984  0   0    2    5
118            0.0                       6                0.0                          9  71933  0   0    6   17
119            0.0                       1                0.0                          1  71864  0   0    1    0
120            0.0                       1                0.0                          1  71591  0   0    1    0
121            0.0                       1                0.0                          1  71578  0   0    1    0
122            0.0                       7                0.0                          9  71548  0   0    7   17
123            0.0                       1                0.0                          1  71500  0   0    1    0
124            0.0                       1                0.0                          2   7142  0   0    1    7
125            0.0                      10                0.0                         12  71406  0   0   10   24
126            0.0                       5                0.0                          4  71391  0   1    5   13
127            0.0                       1                0.0                          1  71326  0   0    1    1
128            0.0                       1                0.0                          2  71324  0   0    1    2
129            0.0                       1                0.0                          1  71310  0   0    1    0
130            0.0                       1                0.0                          2  71258  0   0    1    4
131            0.0                       1                0.0                          1  71227  0   0    1    3
132            0.0                       1                0.0                          1  71063  0   0    1    1
133            0.0                      16                0.0                         27  71040  0   0   16   54
134            0.0                      17                0.0                         18  71021  0   0   17   50
135            0.0                      18                0.0                         20  70945  0   0   18   31
136            0.0                       1                0.0                          1  70883  0   0    1    2
137            0.0                       3                0.0                          4  70846  0   0    3    4
138            0.0                       1                0.0                          1  70805  0   0    1    1
139            0.0                       8                0.0                          7  70656  0   0    8    6
140            0.0                       1                0.0                          1  70415  0   0    1    4
141            0.0                       3                0.0                          3  70375  0   0    3    7
142            0.0                       1                0.0                          1  70359  0   0    1    0
143            0.0                       3                0.0                          3  70352  0   2    3   13
144            0.0                       2                0.0                          2  70312  0   0    2    2
145            0.0                       1                0.0                          6  70309  0   0    1    6
146            0.0                       1                0.0                          1  70154  0   0    1    1
147            0.0                       1                0.0                          1   6976  0   0    1    0
148            0.0                       1                0.0                          5  69733  0   0    1    5
149            0.0                       1                0.0                          1  69662  0   0    1    0
150            0.0                       1                0.0                          2  69506  0   0    1    3
151            0.0                       4                0.0                          6  69435  0   0    4    6
152            0.0                       2                0.0                          2  69264  0   0    2    5
153            0.0                       2                0.0                          2  69135  0   0    2    4
154            0.0                       2                0.0                          1  68890  0   0    2    3
155            0.0                       1                0.0                          2  68873  0   1    1    3
156            0.0                       7                0.0                         14  68803  0   0    7   30
157            0.0                       2                0.0                          3  68783  0   0    2    4
158            0.0                       1                0.0                          1  68484  0   1    1    8
159            0.0                       3                0.0                          4  68429  0   0    3    6
160            0.0                       1                0.0                          1  67989  0   0    1    1
161            0.0                       3                0.0                          6  67901  0   0    3    6
162            0.0                      21                0.0                         27  67882  0   0   21   69
163            0.0                       2                0.0                          1  67781  0   0    2    6
164            0.0                       2                0.0                          2  67548  0   0    2    8
165            0.0                       1                0.0                          1  67317  0   0    1    1
166            0.0                       1                0.0                          1  67284  0   0    1    1
167            0.0                       1                0.0                          1  67165  0   1    1    1
168            0.0                       2                0.0                          3  67157  0   0    2    2
169            0.0                       3                0.0                          8  67043  0   0    3   13
170            0.0                       1                0.0                          1  67033  0   0    1    0
171            0.0                       5                0.0                          5  67017  0   0    5    3
172            0.0                       1                0.0                          1   6675  0   0    1    2
173            0.0                       3                0.0                          3  66613  0   1    3    1
174            0.0                       5                0.0                          7  66610  0   0    5    7
175            0.0                      14                0.0                         13  66412  2   2   12   37
176            0.0                       1                0.0                          1  66310  0   0    1    0
177            0.0                      26                0.0                         33  66285  0   1   26   77
178            0.0                      13                0.0                         33  66278  1   0   12   59
179            0.0                      12                0.0                         22  66265  0   0   12   54
180            0.0                       2                0.0                          2  66107  0   0    2    6
181            0.0                       1                0.0                          1  65989  0   0    1    0
182            0.0                       2                0.0                          3   6597  0   0    2    6
183            0.0                       2                0.0                          3  65915  0   0    2    3
184            0.0                       1                0.0                          1  65907  0   0    1    2
185            0.0                       1                0.0                          2  65880  0   0    1    2
186            0.0                       3                0.0                          4  65866  0   0    3    3
187            0.0                       4                0.0                          4  65811  0   0    4    3
188            0.0                       7                0.0                          9  65721  0   0    7   23
189            0.0                       1                0.0                          1  65560  0   0    1    0
190            0.0                      34                0.0                         51  65558  0   3   34   96
191            0.0                       1                0.0                          1  65436  0   0    1    0
192            0.0                       6                0.0                          3  65411  1   1    5   12
193            0.0                       3                0.0                          2  65387  0   0    3    4
194            0.0                       3                0.0                          5  65378  0   2    3   16
195            0.0                       2                0.0                          3  65342  0   0    2   13
196            0.0                       1                0.0                          2  65246  0   0    1    9
197            0.0                       1                0.0                          1  65222  0   0    1    0
198            0.0                       1                0.0                          1  65220  0   0    1    1
199            0.0                       3                0.0                          4  65132  0   0    3    9
200            0.0                       1                0.0                          7  65128  0   0    1   11
201            0.0                      10                0.0                          9  65124  0   0   10   27
202            0.0                       2                0.0                          2  65101  0   0    2    1
203            0.0                       4                0.0                          6  65027  0   0    4   11
204            0.0                       5                0.0                          4  65003  0   0    5    9
205            0.0                       2                0.0                          3  65001  0   0    2    4
206            0.0                      27                0.0                         40  64990  1   2   26   73
207            0.0                       4                0.0                          4  64967  0   0    4   18
208            0.0                       4                0.0                          5  64966  0   0    4   13
209            0.0                       1                0.0                          2  64965  0   0    1    5
210            0.0                       1                0.0                          1  64960  0   0    1    3
211            0.0                       1                0.0                          2  64947  0   0    1    4
212            0.0                       3                0.0                          8  64941  0   1    3   25
213            0.0                       2                0.0                          3  64781  0   0    2    6
214            0.0                       1                0.0                          1  64740  0   0    1    0
215            0.0                       1                0.0                          1  64719  0   0    1    2
216            0.0                       3                0.0                          3  64674  0   0    3    2
217            0.0                       1                0.0                          2  64672  0   0    1    2
218            0.0                       4                0.0                          7  64456  0   0    4   14
219            0.0                       5                0.0                          8  64391  0   0    5   32
220            0.0                       5                0.0                          7  64372  0   0    5   12
221            0.0                       1                0.0                          1  64352  0   0    1    0
222            0.0                       4                0.0                          4  64196  0   1    4    4
223            0.0                       7                0.0                          9  64135  0   0    7   14
224            0.0                       9                0.0                         19  64120  0   0    9   19
225            0.0                       2                0.0                          4  63977  0   0    2   12
226            0.0                       4                0.0                          5  63853  0   1    4    8
227            0.0                       1                0.0                          1  63851  0   0    1    1
228            0.0                       4                0.0                          2  63818  0   0    4    5
229            0.0                       1                0.0                          1  63816  0   0    1    2
230            0.0                       1                0.0                          2  63469  0   0    1    1
231            0.0                      78                0.0                         92  63419  7  14   71  220
232            0.0                       1                0.0                          2  63395  0   0    1    5
233            0.0                       2                0.0                          3  63388  0   0    2    3
234            0.0                       4                0.0                          3  63386  0   0    4    5
235            0.0                       1                0.0                          2  63322  0   0    1    3
236            0.0                       5                0.0                          5  63321  1   0    4    5
237            0.0                       4                0.0                          6  63319  0   0    4   11
238            0.0                       2                0.0                          2  63306  0   0    2    4
239            0.0                      37                0.0                         53  63160  0   1   37  102
240            0.0                       2                0.0                          3  63153  0   0    2   15
241            0.0                      15                0.0                         20  63093  0   0   15   39
242            0.0                       9                0.0                         20    629  0   0    9   20
243            0.0                      11                0.0                         29  62744  0   2   11   65
244            0.0                      37                0.0                         45  62634  3   9   34  107
245            0.0                      23                0.0                         31  62621  0   0   23   98
246            0.0                      17                0.0                         50  62574  0   1   17   71
247            0.0                       1                0.0                          4  62570  0   0    1    8
248            0.0                      18                0.0                         22  62529  0   0   18   39
249            0.0                       1                0.0                          1  62519  0   0    1    3
250            0.0                       1                0.0                          1  62228  0   0    1    1
251            0.0                      46                0.0                         68  62202  0   0   46  112
252            0.0                       1                0.0                          1  62124  0   0    1    0
253            0.0                      20                0.0                         31  62026  0   3   20   59
254            0.0                      12                0.0                         19   6180  0   0   12   28
255            0.0                       5                0.0                          7  61260  0   0    5   14
256            0.0                       4                0.0                          5  61024  0   0    4    8
257            0.0                       4                0.0                          5  60879  0   0    4    4
258            0.0                       1                0.0                          2  60777  0   0    1    2
259            0.0                       1                0.0                          4  60733  0   0    1    9
260            0.0                       1                0.0                          1  60690  0   0    1    0
261            0.0                       3                0.0                          3  60648  0   0    3    4
262            0.0                       4                0.0                          2  60464  1   0    3   11
263            0.0                       6                0.0                         10  60395  0   0    6   13
264            0.0                     194                0.0                        206  60300  0   2  194  516
265            0.0                       8                0.0                          7  60291  0   0    8    9
266            0.0                       1                0.0                          1  59572  0   0    1    0
267            0.0                       7                0.0                          5  59568  0   0    7    7
268            0.0                       5                0.0                          3  59564  0   0    5   16
269            0.0                       6                0.0                          7  59553  0   0    6    6
270            0.0                       1                0.0                          2  59533  0   0    1    3
271            0.0                       9                0.0                          8  59521  0   0    9   11
272            0.0                      27                0.0                         44  59463  0   0   27   44
273            0.0                       8                0.0                         12  59266  0   1    8   20
274            0.0                      14                0.0                         20  59252  0   0   14   48
275            0.0                       6                0.0                          5  59196  0   0    6   17
276            0.0                       1                0.0                          1  59097  0   0    1    1
277            0.0                       3                0.0                          3  59085  0   0    3    2
278            0.0                       1                0.0                          4  59077  0   0    1    5
279            0.0                       2                0.0                          2  59075  0   0    2    3
280            0.0                      39                0.0                         50  58936  0   1   39  128
281            0.0                       3                0.0                          2  58690  1   0    2    2
282            0.0                       2                0.0                          2  58678  1   1    1    6
283            0.0                      11                0.0                         11  58668  0   0   11   23
284            0.0                       2                0.0                          2  58524  0   0    2    6
285            0.0                      48                0.0                         54  58437  1   1   47  124
286            0.0                       2                0.0                          1  58321  0   0    2    4
287            0.0                      31                0.0                         43  57823  1   0   30   88
288            0.0                      27                0.0                         42  57822  0   0   27  102
289            0.0                       5                0.0                          8  57817  0   0    5   22
290            0.0                       1                0.0                          2  57620  0   0    1    1
291            0.0                       6                0.0                          7  57582  0   1    6   25
292            0.0                       6                0.0                          9  57153  0   0    6   19
293            0.0                      73                0.0                        103  56462  0   0   73  232
294            0.0                      59                0.0                         83  56344  0   0   59  168
295            0.0                       4                0.0                          4  56334  0   0    4   14
296            0.0                       1                0.0                          1  56293  0   0    1    3
297            0.0                       1                0.0                          1  56163  0   1    1    3
298            0.0                      17                0.0                         20  56106  0   0   17   45
299            0.0                       1                0.0                          1  55450  0   0    1    2
300            0.0                       2                0.0                          2  55449  0   0    2    3
301            0.0                       2                0.0                          2  55440  0   0    2   14
302            0.0                       2                0.0                          3  55427  0   0    2    6
303            0.0                       4                0.0                          4  55368  0   0    4   11
304            0.0                       4                0.0                          7   5495  0   0    4   12
305            0.0                       1                0.0                          1  54855  0   0    1    1
306            0.0                       3                0.0                          5  54499  0   0    3    3
307            0.0                       1                0.0                          1  54452  0   0    1    3
308            0.0                       1                0.0                          2  54373  0   0    1    3
309            0.0                       3                0.0                          4  54360  0   0    3    4
310            0.0                       3                0.0                          2  54303  0   0    3    2
311            0.0                       2                0.0                          2  54226  0   0    2   10
312            0.0                       1                0.0                          1  53961  0   1    1    0
313            0.0                      14                0.0                         15  53906  0   0   14   35
314            0.0                       1                0.0                          1  53883  0   0    1    1
315            0.0                       1                0.0                          1  53826  0   0    1    7
316            0.0                       7                0.0                          7  53821  0   0    7   12
317            0.0                     146                0.0                        181  53791  1   4  145  378
318            0.0                       3                0.0                          1  53758  0   0    3    1
319            0.0                       2                0.0                          1  53747  0   0    2    6
320            0.0                       2                0.0                          2  53621  0   0    2    6
321            0.0                       2                0.0                          2  53573  0   0    2    2
322            0.0                      11                0.0                         15  53460  0   1   11   49
323            0.0                       1                0.0                          1  53405  0   0    1    1
324            0.0                       1                0.0                          2  53126  0   0    1    3
325            0.0                       6                0.0                          9  52907  0   1    6   44
326            0.0                       2                0.0                          3    529  0   0    2    3
327            0.0                       1                0.0                          1  52617  0   0    1    2
328            0.0                       3                0.0                          4  52614  0   0    3    6
329            0.0                       4                0.0                          4  52571  0   0    4   11
330            0.0                       5                0.0                          5  52537  0   0    5    6
331            0.0                       1                0.0                          2  52479  0   0    1    2
332            0.0                       1                0.0                          1  52011  0   0    1    1
333            0.0                       1                0.0                          1  51876  0   0    1    1
334            0.0                       1                0.0                          1  51870  0   0    1    1
335            0.0                       1                0.0                          1  51823  0   0    1    0
336            0.0                      13                0.0                         18  51456  0   0   13   32
337            0.0                       1                0.0                          1  51094  0   0    1    0
338            0.0                       5                0.0                         10  50671  0   0    5   24
339            0.0                       2                0.0                          1  50587  0   0    2    8
340            0.0                       4                0.0                          2  50361  0   1    4    8
341            0.0                       6                0.0                          5  50128  0   0    6   12
342            0.0                      22                0.0                         28  50102  1   5   21   81
343            0.0                       1                0.0                          1    500  0   0    1    2
344            0.0                       1                0.0                          2  49992  0   0    1    5
345            0.0                       1                0.0                          1  49956  0   0    1    0
346            0.0                       1                0.0                          2  49561  0   0    1    2
347            0.0                       6                0.0                          5   4935  0   0    6    7
348            0.0                       1                0.0                          4  49302  0   0    1    6
349            0.0                       8                0.0                          9  49250  0   1    8   22
350            0.0                      20                0.0                         24  49248  0   0   20   67
351            0.0                      16                0.0                         20  49246  0   0   16   29
352            0.0                       1                0.0                          2  49244  0   0    1    2
353            0.0                       1                0.0                          1  48946  0   0    1    2
354            0.0                       2                0.0                          1  48706  0   0    2    5
355            0.0                       1                0.0                          1  48627  0   0    1    0
356            0.0                       2                0.0                          1  48566  1   0    1    1
357            0.0                       1                0.0                          1   4841  0   0    1    0
358            0.0                       1                0.0                          1    484  0   0    1    1
359            0.0                      18                0.0                         26  48305  0   0   18   58
360            0.0                     178                0.0                        181  47990  0   0  178  435
361            0.0                      13                0.0                         11  47891  1   0   12   20
362            0.0                       2                0.0                          2  47862  0   1    2   17
363            0.0                       5                0.0                          5  47850  0   0    5   14
364            0.0                       3                0.0                          3  47758  0   0    3   11
365            0.0                      93                0.0                         91  47530  0   1   93  207
366            0.0                       1                0.0                          1  47179  0   0    1    1
367            0.0                       4                0.0                          6  46917  0   0    4   11
368            0.0                       2                0.0                          5    466  0   0    2   18
369            0.0                      22                0.0                         23  46572  0   1   22   56
370            0.0                      13                0.0                         15  46571  0   0   13   54
371            0.0                       7                0.0                          7  46570  0   0    7   17
372            0.0                       1                0.0                          2  45774  0   0    1    5
373            0.0                       2                0.0                          2  45105  0   0    2    0
374            0.0                       2                0.0                          4    451  0   0    2    4
375            0.0                       1                0.0                          3  44950  0   0    1    5
376            0.0                      20                0.0                         29  44470  0   0   20   61
377            0.0                       1                0.0                          1  42930  0   0    1    1
378            0.0                      54                0.0                         66  42730  1   0   53  178
379            0.0                      21                0.0                         22  42070  1   5   20   49
380            0.0                       3                0.0                          3  41948  0   0    3    8
381            0.0                       5                0.0                          6   4175  0   0    5   14
382            0.0                      15                0.0                         26  41728  0   1   15   62
383            0.0                       3                0.0                          6  41512  0   0    3   14
384            0.0                       1                0.0                          1  41340  0   0    1    0
385            0.0                       2                0.0                          2  41182  0   0    2    2
386            0.0                       3                0.0                         13   4071  0   0    3   13
387            0.0                       3                0.0                          3  40253  0   0    3    1
388            0.0                       1                0.0                          2  40195  0   0    1    1
389            0.0                      10                0.0                         10  40036  0   1   10   30
390            0.0                       4                0.0                         14  39925  0   0    4   14
391            0.0                      22                0.0                         22  39113  1   0   21   49
392            0.0                      10                0.0                          8  38609  1   0    9   22
393            0.0                       2                0.0                          2  38553  0   0    2    4
394            0.0                      19                0.0                         40  38042  0   0   19   81
395            0.0                       1                0.0                          1  37997  0   0    1    0
396            0.0                       1                0.0                          2  37942  0   0    1    4
397            0.0                      16                0.0                         23  37810  1   0   15   43
398            0.0                       2                0.0                          2  37589  0   0    2    6
399            0.0                       1                0.0                          1  37356  0   0    1    3
400            0.0                       5                0.0                          6  37208  0   0    5    7
401            0.0                       2                0.0                          3  37156  0   0    2    3
402            0.0                       1                0.0                          1  36985  0   0    1    2
403            0.0                       9                0.0                         10  36845  0   0    9   18
404            0.0                       7                0.0                         10  36120  0   0    7   29
405            0.0                       8                0.0                          9  35633  0   1    8   40
406            0.0                      85                0.0                        106  35052  0   2   85  226
407            0.0                       9                0.0                         28  34712  0   0    9   33
408            0.0                       3                0.0                          3  34038  0   0    3    1
409            0.0                       4                0.0                          5  33701  0   1    4   15
410            0.0                       3                0.0                          3  33685  0   0    3    2
411            0.0                       5                0.0                          4  33624  0   0    5    6
412            0.0                       1                0.0                          3  33562  0   0    1    3
413            0.0                       1                0.0                          1  33516  0   0    1    1
414            0.0                       1                0.0                          1  33353  0   0    1    2
415            0.0                       3                0.0                          4  33256  0   0    3    7
416            0.0                      35                0.0                         40  33252  0   0   35   79
417            0.0                      14                0.0                         17  33242  1   0   13   31
418            0.0                       2                0.0                          1  33194  0   1    2    1
419            0.0                      12                0.0                         10  33101  1   1   11   28
420            0.0                       9                0.0                         10  33092  1   0    8   23
421            0.0                       2                0.0                          3  32942  0   0    2   13
422            0.0                       1                0.0                          1  32933  0   1    1    0
423            0.0                       1                0.0                          4  32706  0   0    1    4
424            0.0                       9                0.0                         12  32625  0   0    9   20
425            0.0                       2                0.0                          3  32579  0   0    2   10
426            0.0                       6                0.0                          9  32465  0   0    6   30
427            0.0                       6                0.0                          5  32355  1   1    5   18
428            0.0                       1                0.0                          2  32004  0   0    1    2
429            0.0                       8                0.0                          5  31929  0   0    8   20
430            0.0                     254                0.0                        312  31480  1   2  253  742
431            0.0                       7                0.0                         14   3143  0   0    7   18
432            0.0                       1                0.0                          2  31425  0   1    1    1
433            0.0                       5                0.0                          7  31250  0   0    5    8
434            0.0                       1                0.0                          3  31230  0   1    1    8
435            0.0                       7                0.0                          8  31199  1   0    6   13
436            0.0                       8                0.0                         18  30560  0   0    8   20
437            0.0                       1                0.0                          1  30505  0   0    1    4
438            0.0                       2                0.0                          2  30280  0   1    2    4
439            0.0                       7                0.0                          8  30169  0   2    7   19
440            0.0                      92                0.0                        100  30152  0   1   92  276
441            0.0                       1                0.0                          2  30055  0   0    1    5
442            0.0                       5                0.0                         10  29804  0   0    5   26
443            0.0                       8                0.0                          8  29452  0   2    8   30
444            0.0                       2                0.0                          3  29446  0   0    2    2
445            0.0                       2                0.0                          2  29052  0   0    2    0
446            0.0                      96                0.0                        123  28457  0   1   96  249
447            0.0                       6                0.0                          5  28325  0   0    6   12
448            0.0                      48                0.0                         55  28203  1   1   47  148
449            0.0                      12                0.0                         15  28202  0   0   12   36
450            0.0                       2                0.0                          2  28096  0   0    2    0
451            0.0                       3                0.0                          4  27967  0   0    3   11
452            0.0                       8                0.0                         18  27454  0   0    8   38
453            0.0                       1                0.0                          1  27451  0   0    1    4
454            0.0                       3                0.0                          4  27445  0   0    3    3
455            0.0                       5                0.0                          8  27221  0   0    5   22
456            0.0                       1                0.0                          1  27210  0   0    1    1
457            0.0                       1                0.0                          1  27192  0   0    1    4
458            0.0                       2                0.0                          3  27186  0   0    2    4
459            0.0                       1                0.0                          2  26693  0   0    1    2
460            0.0                      20                0.0                         24  26647  0   0   20   56
461            0.0                      19                0.0                         17  26642  4   4   15   41
462            0.0                       1                0.0                          1  26453  0   0    1    2
463            0.0                       1                0.0                          1  26114  0   0    1    0
464            0.0                       4                0.0                          4  25967  0   0    4    8
465            0.0                       6                0.0                         10  25670  0   0    6   13
466            0.0                      20                0.0                         23   2564  0   0   20   59
467            0.0                       4                0.0                          4  25576  0   0    4   11
468            0.0                       1                0.0                          1  25201  0   0    1    1
469            0.0                       2                0.0                          8  25200  0   0    2    9
470            0.0                       2                0.0                          2  25039  0   0    2    2
471            0.0                      54                0.0                         69  24898  0   0   54  171
472            0.0                       7                0.0                          6  24761  1   0    6    8
473            0.0                       3                0.0                          3  24563  0   2    3    6
474            0.0                       1                0.0                          1  24562  0   0    1    4
475            0.0                       3                0.0                          3  24518  0   0    3    5
476            0.0                       1                0.0                          2  24465  0   0    1    2
477            0.0                       2                0.0                          5  23979  0   0    2    5
478            0.0                       1                0.0                          2  23944  0   0    1    2
479            0.0                       1                0.0                          2  23921  0   0    1    5
480            0.0                       1                0.0                          1  23847  0   0    1    0
481            0.0                       1                0.0                          1  23648  0   0    1    0
482            0.0                       2                0.0                          2  23621  0   1    2    4
483            0.0                       2                0.0                          2  23605  0   0    2    5
484            0.0                       4                0.0                          5  23218  0   0    4    8
485            0.0                       2                0.0                          2  23144  0   0    2    5
486            0.0                       1                0.0                          1  22991  0   0    1    0
487            0.0                      13                0.0                         14  22916  2   3   11   32
488            0.0                       1                0.0                          1  22867  0   0    1    5
489            0.0                       7                0.0                          8  22866  0   0    7   20
490            0.0                       5                0.0                          6  22146  0   0    5    1
491            0.0                       3                0.0                          2  22079  0   0    3    2
492            0.0                       1                0.0                          1  22074  0   0    1    0
493            0.0                       3                0.0                          1  22061  0   0    3    1
494            0.0                       5                0.0                          5  21942  0   0    5   12
495            0.0                       1                0.0                          1  21526  0   0    1    0
496            0.0                       4                0.0                          4  21381  0   1    4    8
497            0.0                     164                0.0                        184  21378  1   2  163  449
498            0.0                       6                0.0                          3  20927  0   0    6    3
499            0.0                      10                0.0                         16  20824  0   1   10   17
500            0.0                       2                0.0                          4  20506  0   0    2    4
501            0.0                       3                0.0                          7  20222  0   0    3   24
502            0.0                       3                0.0                          4  20043  0   0    3   12
503            0.0                       5                0.0                          5  19891  0   0    5   16
504            0.0                       3                0.0                          4  19802  0   0    3   12
505            0.0                       1                0.0                          1  19781  0   0    1    4
506            0.0                       3                0.0                          2  19748  0   0    3    5
507            0.0                       2                0.0                          2   1939  0   0    2    9
508            0.0                       1                0.0                          1  19169  0   0    1    0
509            0.0                       5                0.0                         11  19105  1   0    4   19
510            0.0                       4                0.0                          5  19056  0   0    4   16
511            0.0                       2                0.0                         20  18800  0   0    2   20
512            0.0                      21                0.0                         23  18614  1   0   20   50
513            0.0                       2                0.0                          6  18570  0   0    2    6
514            0.0                       2                0.0                          4  17865  0   0    2   11
515            0.0                       1                0.0                          2  17683  0   0    1    3
516            0.0                      88                0.0                        115  17402  0   1   88  280
517            0.0                       9                0.0                         10  17367  0   0    9   13
518            0.0                       5                0.0                          5  17344  0   2    5   13
519            0.0                       7                0.0                          9  17342  0   0    7   20
520            0.0                     109                0.0                        108  17341  2   1  107  257
521            0.0                       5                0.0                          7  17074  0   0    5    8
522            0.0                       5                0.0                          5  16580  0   0    5   12
523            0.0                      11                0.0                         13  16561  0   0   11   36
524            0.0                       1                0.0                          1  16289  0   0    1    0
525            0.0                       9                0.0                          9   1593  0   0    9   29
526            0.0                       3                0.0                         24  15657  0   0    3   27
527            0.0                       1                0.0                          1  15656  0   0    1    1
528            0.0                       1                0.0                          3  14692  0   0    1    3
529            0.0                       5                0.0                         32  14559  0   0    5   32
530            0.0                       6                0.0                          6  14229  0   0    6   12
531            0.0                       2                0.0                          2  14122  0   0    2    7
532            0.0                       3                0.0                          3  13976  0   0    3   12
533            0.0                      26                0.0                         36  13968  2   0   24   76
534            0.0                       9                0.0                         12  13836  0   0    9   34
535            0.0                      10                0.0                         12  13736  0   0   10   27
536            0.0                      13                0.0                         20  13720  0   1   13   31
537            0.0                      21                0.0                         26  13361  0   0   21   77
538            0.0                       1                0.0                          1  12734  0   0    1    1
539            0.0                       1                0.0                          2  12731  0   1    1    8
540            0.0                      12                0.0                         14   1218  0   1   12   21
541            0.0                       1                0.0                          4  11553  0   0    1    4
542            0.0                      25                0.0                         38  11528  0   1   25   98
543            0.0                       1                0.0                          2  10741  0   0    1    2
544            0.0                       1                0.0                          2  10511  0   0    1    8

    class_acctual  count_grouped_acctuals  predict_automatch  count_grouped_predictions Class  TN  FN   FP   TP
0             0.0                     177                0.0                        277    96   1   3  176  547
1             0.0                     145                0.0                        181    95   0   1  145  381
2             0.0                     222                0.0                        321    94   1   2  221  637
3             0.0                     286                0.0                        426    93   1   0  285  780
4             0.0                     258                0.0                        338    92   1   3  257  775
5             0.0                      90                0.0                        115    91   0   1   90  222
6             0.0                     183                0.0                        261    90   0   1  183  511
7             0.0                     137                0.0                        166     9   1   2  136  394
8             0.0                     142                0.0                        182    88   1   0  141  441
9             0.0                     113                0.0                        143    69   2   0  111  273
10            0.0                     190                0.0                        296    55   1   2  189  562
11            0.0                     101                0.0                        140    49   0   1  101  305
12            0.0                     173                0.0                        227    45   1   1  172  482
13            0.0                      49                0.0                         72    35   3   3   46  137
14            0.0                     101                0.0                        134    34   1   0  100  314
15            0.0                      54                0.0                         54    33   3   5   51  156
16            0.0                      40                0.0                         57    32   1   4   39  128
17            0.0                     115                0.0                        200    31   1   0  114  362
18            0.0                     345                0.0                        415    30  24  56  321  796
19            0.0                      51                0.0                         71    29   0   1   51  172
20            0.0                      96                0.0                        126    28   0   2   96  289
21            0.0                      94                0.0                        196    26   0   4   94  293
22            0.0                      16                0.0                         16    25   0   1   16   24
23            0.0                      94                0.0                        132    22   1   0   93  266
24            0.0                     128                0.0                        167   211   0   4  128  297
25            0.0                      74                0.0                        100   210   0   1   74  302
26            0.0                      96                0.0                        141   178   0   1   96  206
27            0.0                      16                0.0                         21   177   0   4   16   53
28            0.0                      31                0.0                         35   176   9  15   22   57
29            0.0                      24                0.0                         39   175   2   9   22   59
30            0.0                      40                0.0                         58   174   0   0   40  162
31            0.0                      63                0.0                         74   173   0   2   63  203
32            0.0                      89                0.0                        121   172   0   0   89  228
33            0.0                     132                0.0                        188   145   0   0  132  390
34            0.0                     113                0.0                        183   141   0   2  113  406
35            0.0                      69                0.0                         81   139   1   1   68  190
36            0.0                      16                0.0                         16   136   3  12   13   27
37            0.0                      15                0.0                         10   134  15  46    0   10
38            0.0                      94                0.0                        132   133   0   2   94  292
39            0.0                      44                0.0                         67   130   0   0   44  152
40            0.0                      62                0.0                         87   127   0   1   62  176
41            0.0                      98                0.0                        129   124   1   2   97  305
42            0.0                      20                0.0                         28   123   2   1   18   81
43            0.0                      53                0.0                         71   120   0   1   53  153
44            0.0                      40                0.0                         48   119   1   1   39   84
45            0.0                      16                0.0                         15   118   1   3   15   42
46            0.0                      58                0.0                         73   117   0   0   58  157
47            0.0                      31                0.0                         38   116   1   5   30   75
48            0.0                      16                0.0                         23   115   3   9   13   42
49            0.0                     200                0.0                        372    11   0   4  200  588
50            0.0                     141                0.0                        181    10   0   1  141  416

     class_acctual  count_grouped_acctuals  predict_automatch  count_grouped_predictions Class  TN  FN   FP   TP
0              0.0                     143                0.0                        204    99   1   2  142  382
1              0.0                     158                0.0                        212    96   1   0  157  421
2              0.0                      87                0.0                        120    95   1   1   86  271
3              0.0                       8                0.0                          8    90   0   0    8   30
4              0.0                       5                0.0                          9    85   0   0    5   35
5              0.0                      31                0.0                         43    84   0   0   31   89
6              0.0                       8                0.0                         10    83   0   0    8   24
7              0.0                       9                0.0                         11    82   0   0    9   15
8              0.0                      24                0.0                         31    77   0   0   24   62
9              0.0                      77                0.0                         95    76   0   1   77  207
10             0.0                      65                0.0                         81    75   0   0   65  182
11             0.0                      21                0.0                         34    74   1   0   20   78
12             0.0                      22                0.0                         30    71   0   0   22   64
13             0.0                      84                0.0                        107    65   0   1   84  249
14             0.0                      66                0.0                         97    60   0   0   66  162
15             0.0                      28                0.0                         26    58   2   0   26   50
16             0.0                      62                0.0                         81    55   1   0   61  192
17             0.0                      71                0.0                         99    52   0   1   71  219
18             0.0                      13                0.0                         14    49   0   0   13   39
19             0.0                      28                0.0                         33   430   0   0   28   60
20             0.0                      14                0.0                         18   429   0   0   14   34
21             0.0                       2                0.0                          2   427   0   0    2    3
22             0.0                       5                0.0                          5   414   0   0    5   10
23             0.0                       8                0.0                          7   412   0   0    8   20
24             0.0                       3                0.0                          3   411   0   0    3   17
25             0.0                       2                0.0                          2   409   0   0    2    5
26             0.0                      67                0.0                        109   404   0   2   67  238
27             0.0                      41                0.0                         43   397   1   1   40  108
28             0.0                       6                0.0                          8   393   2  12    4   16
29             0.0                      11                0.0                          8   392  11  27    0    8
30             0.0                      18                0.0                         26   387   0   0   18   53
31             0.0                      15                0.0                         18   386   0   0   15   40
32             0.0                      31                0.0                         43   382   0   1   31   88
33             0.0                      10                0.0                         15   381   0   1   10   35
34             0.0                      26                0.0                         43   380   0   0   26   98
35             0.0                      11                0.0                         14    38   0   0   11   48
36             0.0                      12                0.0                          7   379   0   1   12   44
37             0.0                      12                0.0                         14   378   1   0   11   33
38             0.0                      33                0.0                         44   374   0   0   33   96
39             0.0                      57                0.0                         76   373   0   2   57  178
40             0.0                      12                0.0                         15   372   0   0   12   37
41             0.0                      22                0.0                         33   371   0   1   22   54
42             0.0                      93                0.0                        152    37   5  12   88  225
43             0.0                      32                0.0                         35    36   0   0   32   84
44             0.0                      80                0.0                        112    35   0   0   80  199
45             0.0                      18                0.0                         41   347   0   0   18  108
46             0.0                      14                0.0                         20   346   0   0   14   48
47             0.0                       8                0.0                          6   345   1   0    7    8
48             0.0                       2                0.0                          2   344   2  10    0    2
49             0.0                      19                0.0                         27   343   1   0   18   67
50             0.0                      32                0.0                         49   342   0   0   32   76
51             0.0                      26                0.0                         43   341   0   1   26   68
52             0.0                      19                0.0                         20    34   0   0   19   65
53             0.0                      13                0.0                         23   338   0   0   13   37
54             0.0                      10                0.0                         13   337   0   1   10   31
55             0.0                      22                0.0                         20   335   9  15   13   26
56             0.0                      11                0.0                         17   334   2   9    9   26
57             0.0                       6                0.0                         12   333   0   0    6   32
58             0.0                      22                0.0                         27   332   0   2   22   84
59             0.0                     141                0.0                        250    33   0   4  141  442
60             0.0                      11                0.0                         21   329   0   0   11   42
61             0.0                       4                0.0                          6   327   1   1    3    8
62             0.0                      14                0.0                         21   326   0   0   14   32
63             0.0                       6                0.0                          6   325   1   3    5   14
64             0.0                       5                0.0                          9   324   0   0    5   14
65             0.0                      11                0.0                         20   322   0   0   11   40
66             0.0                      16                0.0                         32   321   0   0   16   63
67             0.0                       4                0.0                         11   320   0   0    4   28
68             0.0                      12                0.0                         15    32   0   0   12   27
69             0.0                       9                0.0                         16   311   0   0    9   31
70             0.0                     112                0.0                        137    31   1   2  111  282
71             0.0                       2                0.0                          8   302   0   0    2   14
72             0.0                       6                0.0                         10   293   0   0    6   21
73             0.0                       4                0.0                          8   292   0   0    4   13
74             0.0                       6                0.0                          5   291   0   0    6   10
75             0.0                      28                0.0                         39   290   0   4   28   82
76             0.0                     123                0.0                        147    29  13  32  110  277
77             0.0                       4                0.0                          8   289   0   0    4   15
78             0.0                      17                0.0                         24   286   0   0   17   41
79             0.0                      17                0.0                         23   285   0   0   17   48
80             0.0                      15                0.0                         18   284   1   3   14   20
81             0.0                      25                0.0                         35   283   0   1   25   90
82             0.0                      33                0.0                         39   280   0   0   33   94
83             0.0                       9                0.0                         11   279   0   0    9   32
84             0.0                       7                0.0                         10   275   0   0    7   24
85             0.0                       3                0.0                          2   274   0   0    3    3
86             0.0                       4                0.0                          8   272   0   0    4   20
87             0.0                       2                0.0                          2   271   0   0    2    5
88             0.0                       7                0.0                          8   270   0   0    7   19
89             0.0                       6                0.0                         12   267   0   0    6   33
90             0.0                      11                0.0                         12   266   0   0   11   33
91             0.0                      21                0.0                         20   265   0   0   21   32
92             0.0                      50                0.0                         59   264   0   0   50  129
93             0.0                      17                0.0                         26   263   1   2   16   76
94             0.0                      28                0.0                         41   262   1   0   27   92
95             0.0                       8                0.0                         14   261   1   1    7   22
96             0.0                       9                0.0                         10   260   0   0    9   19
97             0.0                      36                0.0                         44   259   1   3   35   96
98             0.0                      13                0.0                         16   257   0   0   13   41
99             0.0                      11                0.0                         10   255   1   2   10   14
100            0.0                       2                0.0                          5   253   0   1    2   19
101            0.0                      11                0.0                         15   251   0   0   11   36
102            0.0                      32                0.0                         34   248   1   0   31   71
103            0.0                       5                0.0                          7   247   0   3    5   13
104            0.0                      25                0.0                         23   246   0   1   25   62
105            0.0                       9                0.0                         14   245   0   0    9   22
106            0.0                       7                0.0                          9   244   0   0    7   19
107            0.0                      39                0.0                         54   243   0   0   39  120
108            0.0                      31                0.0                         58   242   0   0   31  104
109            0.0                      16                0.0                         22   241   0   0   16   54
110            0.0                      16                0.0                         22   240   0   3   16   45
111            0.0                      64                0.0                         95    24   0   1   64  176
112            0.0                      19                0.0                         27   238   0   0   19   59
113            0.0                      24                0.0                         33   237   2   0   22   56
114            0.0                       8                0.0                         14   235   0   0    8   21
115            0.0                      31                0.0                         38   234   1   0   30  100
116            0.0                      13                0.0                         16   233   0   0   13   18
117            0.0                      15                0.0                         20   232   0   0   15   35
118            0.0                       3                0.0                          2   231   0   0    3    5
119            0.0                       3                0.0                          5   228   0   0    3   13
120            0.0                       5                0.0                          6   222   0   0    5   24
121            0.0                      24                0.0                         27   221   1   1   23   49
122            0.0                      12                0.0                         20   220   0   1   12   48
123            0.0                      39                0.0                        100   218   1   0   38  137
124            0.0                      43                0.0                         64   217   0   1   43  136
125            0.0                      16                0.0                         21   216   1   5   15   45
126            0.0                      16                0.0                         26   215   0   0   16   69
127            0.0                       3                0.0                          3   214   0   1    3    4
128            0.0                       8                0.0                          6   213   0   0    8   25
129            0.0                      30                0.0                         45   212   0   0   30   82
130            0.0                      49                0.0                         69    21   0   1   49  176
131            0.0                       6                0.0                          8   209   0   0    6   11
132            0.0                       2                0.0                          1   208   0   0    2    7
133            0.0                      76                0.0                         95   205   0   0   76  207
134            0.0                      35                0.0                         38   204   0   0   35   50
135            0.0                      62                0.0                         90   203   0   1   62  159
136            0.0                       8                0.0                         14   202   0   0    8   17
137            0.0                      11                0.0                         10   201   0   0   11   28
138            0.0                      17                0.0                         26   200   0   0   17   46
139            0.0                      20                0.0                         29    20   0   0   20   55
140            0.0                      19                0.0                         29   199   0   0   19   65
141            0.0                      11                0.0                         21   198   3   6    8   63
142            0.0                      11                0.0                         15   197   0   0   11   33
143            0.0                      22                0.0                         48   196   0   0   22   61
144            0.0                       4                0.0                          5   195   0   0    4   12
145            0.0                       5                0.0                          6   194   0   0    5   10
146            0.0                      20                0.0                         28   193   0   0   20   60
147            0.0                       3                0.0                          3   192   0   0    3    9
148            0.0                      19                0.0                         19   190   0   0   19   40
149            0.0                      51                0.0                         62    19   0   4   51  126
150            0.0                      59                0.0                         77   189   0   2   59  175
151            0.0                       4                0.0                          8   187   0   0    4   17
152            0.0                       6                0.0                          7   186   0   0    6   13
153            0.0                      21                0.0                         31   185   0   0   21   40
154            0.0                      28                0.0                         23   184   4  11   24   67
155            0.0                      52                0.0                         77   183   0   0   52  149
156            0.0                      31                0.0                         40   182   0   0   31   76
157            0.0                      58                0.0                         87   181   2   3   56  187
158            0.0                      64                0.0                         91   180   0   0   64  188
159            0.0                      50                0.0                         74   179   0   0   50  170
160            0.0                      13                0.0                         15   178   0   1   13   30
161            0.0                       1                0.0                          4   177   0   0    1   13
162            0.0                      18                0.0                         25   176   0   0   18   74
163            0.0                      22                0.0                         23   175   0   0   22   33
164            0.0                       8                0.0                          7   173   0   0    8   19
165            0.0                      18                0.0                         18   172   0   0   18   30
166            0.0                       5                0.0                          6   171   0   0    5    5
167            0.0                      23                0.0                         29   170   0   0   23   87
168            0.0                      89                0.0                        170   169   0   4   89  235
169            0.0                      32                0.0                         40   167   0   0   32  101
170            0.0                      44                0.0                         94   166   0   0   44  132
171            0.0                      26                0.0                         32   165   0   0   26   87
172            0.0                       6                0.0                          8   164   0   0    6   17
173            0.0                      20                0.0                         20   160   0   0   20   49
174            0.0                      20                0.0                         25   158   0   0   20   52
175            0.0                       3                0.0                          5   157   0   0    3   24
176            0.0                      26                0.0                         31   156   0   0   26   78
177            0.0                       8                0.0                          9   155   0   0    8   19
178            0.0                       6                0.0                          6   154   0   0    6   18
179            0.0                      23                0.0                         24   153   0   0   23   48
180            0.0                      10                0.0                         10   151   0   0   10   17
181            0.0                      15                0.0                         18   150   0   0   15   55
182            0.0                      41                0.0                         74   147   0   0   41  121
183            0.0                      24                0.0                         33   135   0   0   24   68
184            0.0                      78                0.0                        147   132   0   2   78  242
185            0.0                      16                0.0                         20   130   0   0   16   64
186            0.0                      33                0.0                         40   129   1   0   32   80
187            0.0                      13                0.0                         11   128   2   3   11   27
188            0.0                      32                0.0                         42   127   0   0   32   89
189            0.0                      42                0.0                         52   123   1   0   41  121
190            0.0                      28                0.0                         28   116   0   0   28   70
191            0.0                      19                0.0                         27   114   3   9   16   70
192            0.0                      96                0.0                        145   111   1   2   95  271
193            0.0                      83                0.0                        113   108   0   1   83  236

